           1   6371.00000
           2   6348.37988
           3   6325.75977
           4   6303.13965
           5   6280.51904
           6   6257.89893
           7   6235.27881
           8   6212.65869
           9   6190.03857
          10   6167.41797
          11   6144.79785
          12   6122.17773
          13   6099.55762
          14   6076.93750
          15   6054.31738
          16   6031.69727
          17   6009.07666
          18   5986.45654
          19   5963.83643
          20   5941.21631
          21   5918.59619
          22   5895.97607
          23   5873.35547
          24   5850.73535
          25   5828.11523
          26   5805.49512
          27   5782.87500
          28   5760.25488
          29   5737.63428
          30   5715.01416
          31   5692.39404
          32   5669.77393
          33   5647.15381
          34   5624.53320
          35   5601.91309
          36   5579.29297
          37   5556.67285
          38   5534.05273
          39   5511.43262
          40   5488.81201
          41   5466.19189
          42   5443.57178
          43   5420.95166
          44   5398.33154
          45   5375.71143
          46   5353.09131
          47   5330.47070
          48   5307.85059
          49   5285.23047
          50   5262.61035
          51   5239.99023
          52   5217.37012
          53   5194.74951
          54   5172.12939
          55   5149.50928
          56   5149.50928
          57   5106.89648
          58   5064.28418
          59   5021.67139
          60   4979.05908
          61   4936.44629
          62   4893.83398
          63   4851.22119
          64   4808.60840
          65   4765.99609
          66   4723.38330
          67   4680.77100
          68   4638.15820
          69   4595.54590
          70   4552.93311
          71   4510.32031
          72   4467.70801
          73   4425.09521
          74   4382.48242
          75   4339.87012
          76   4297.25781
          77   4254.64502
          78   4212.03223
          79   4169.41992
          80   4126.80713
          81   4084.19458
          82   4041.58203
          83   3998.96948
          84   3956.35693
          85   3913.74438
          86   3871.13184
          87   3828.51904
          88   3785.90649
          89   3743.29395
          90   3700.68115
          91   3658.06885
          92   3615.45605
          93   3572.84351
          94   3530.23096
          95   3487.61841
          96   3445.00586
          97   3402.39307
          98   3359.78076
          99   3317.16797
         100   3274.55566
         101   3231.94263
         102   3189.33032
         103   3146.71777
         104   3104.10522
         105   3061.49243
         106   3018.87988
         107   2976.26709
         108   2933.65479
         109   2891.04224
         110   2891.04224
         111   2853.53174
         112   2816.02100
         113   2778.51050
         114   2741.00000
         115   2741.00000
         116   2708.16675
         117   2675.33325
         118   2642.50000
         119   2609.66699
         120   2576.83325
         121   2544.00024
         122   2511.16650
         123   2478.33350
         124   2445.49976
         125   2412.66675
         126   2379.83301
         127   2347.00000
         128   2314.16675
         129   2281.33325
         130   2248.50000
         131   2215.66650
         132   2182.83350
         133   2150.00000
         134   2117.16650
         135   2084.33350
         136   2051.50000
         137   2018.66650
         138   1985.83350
         139   1953.00000
         140   1920.16650
         141   1887.33350
         142   1854.50000
         143   1821.66650
         144   1788.83350
         145   1756.00000
         146   1723.16650
         147   1690.33350
         148   1657.50000
         149   1624.66699
         150   1591.83350
         151   1559.00000
         152   1526.16699
         153   1493.33350
         154   1460.50000
         155   1427.66699
         156   1394.83350
         157   1362.00000
         158   1329.16699
         159   1296.33350
         160   1263.50000
         161   1230.66699
         162   1197.83350
         163   1165.00000
         164   1132.16699
         165   1099.33350
         166   1066.50000
         167   1033.66699
         168   1000.83350
         169   968.000000
         170   935.166992
         171   902.333496
         172   869.500000
         173   836.666992
         174   803.833496
         175   771.000000
         176   771.000000
         177   745.750000
         178   720.500000
         179   695.250000
         180   670.000000
         181   670.000000
         182   646.666504
         183   623.333496
         184   600.000000
         185   600.000000
         186   575.000000
         187   550.000000
         188   525.000000
         189   500.000000
         190   475.000000
         191   450.000000
         192   425.000000
         193   400.000000
         194   400.000000
         195   377.500000
         196   355.000000
         197   332.500000
         198   310.000000
         199   287.500000
         200   265.000000
         201   242.500000
         202   220.000000
         203   220.000000
         204   196.666504
         205   173.333496
         206   150.000000
         207   126.666504
         208   103.333496
         209   80.0000000
         210   80.0000000
         211   61.4570312
         212   42.9140625
         213   24.3710938
         214   24.3710938
         215   19.6855469
         216   15.0000000
         217   15.0000000
         218   9.00000000
         219   3.00000000
         220   3.00000000
         221   1.50000000
         222   0.00000000
