0.000 0.00000E+00
22.620 0.31335E-06
45.240 0.12534E-05
67.861 0.28200E-05
90.481 0.50130E-05
113.101 0.78322E-05
135.721 0.11277E-04
158.341 0.15348E-04
180.962 0.20044E-04
203.582 0.25364E-04
226.202 0.31309E-04
248.822 0.37877E-04
271.442 0.45068E-04
294.063 0.52881E-04
316.683 0.61315E-04
339.303 0.70370E-04
361.923 0.80044E-04
384.543 0.90337E-04
407.164 0.10125E-03
429.784 0.11277E-03
452.404 0.12492E-03
475.024 0.13767E-03
497.644 0.15104E-03
520.265 0.16502E-03
542.885 0.17961E-03
565.505 0.19481E-03
588.125 0.21061E-03
610.745 0.22702E-03
633.366 0.24403E-03
655.986 0.26165E-03
678.606 0.27986E-03
701.226 0.29867E-03
723.846 0.31808E-03
746.467 0.33808E-03
769.087 0.35867E-03
791.707 0.37986E-03
814.327 0.40163E-03
836.947 0.42398E-03
859.568 0.44692E-03
882.188 0.47044E-03
904.808 0.49454E-03
927.428 0.51921E-03
950.048 0.54446E-03
972.669 0.57028E-03
995.289 0.59666E-03
1017.909 0.62361E-03
1040.529 0.65112E-03
1063.149 0.67919E-03
1085.770 0.70781E-03
1108.390 0.73699E-03
1131.010 0.76672E-03
1153.630 0.79699E-03
1176.250 0.82781E-03
1198.871 0.85917E-03
1221.491 0.89106E-03
1221.491 0.84937E-03
1264.103 0.90801E-03
1306.716 0.96843E-03
1349.328 0.10306E-02
1391.941 0.10946E-02
1434.554 0.11602E-02
1477.166 0.12276E-02
1519.779 0.12966E-02
1562.391 0.13673E-02
1605.004 0.14396E-02
1647.617 0.15128E-02
1690.229 0.15878E-02
1732.842 0.16639E-02
1775.454 0.17407E-02
1818.067 0.18176E-02
1860.679 0.18937E-02
1903.292 0.19676E-02
1945.905 0.20369E-02
1988.517 0.20982E-02
2031.130 0.21461E-02
2073.742 0.21731E-02
2116.355 0.21682E-02
2158.968 0.21161E-02
2201.580 0.19957E-02
2244.193 0.17793E-02
2286.805 0.14306E-02
2329.418 0.90404E-03
2372.031 0.14401E-03
2414.643 -0.91458E-03
2457.256 -0.23445E-02
2499.868 -0.42221E-02
2542.481 -0.66208E-02
2585.094 -0.96002E-02
2627.706 -0.13193E-01
2670.319 -0.17385E-01
2712.931 -0.22097E-01
2755.544 -0.27156E-01
2798.156 -0.32276E-01
2840.769 -0.37036E-01
2883.382 -0.40866E-01
2925.994 -0.43056E-01
2968.607 -0.42769E-01
3011.219 -0.39104E-01
3053.832 -0.31167E-01
3096.444 -0.18198E-01
3139.057 0.28767E-03
3181.670 0.24322E-01
3224.282 0.53312E-01
3266.895 0.85880E-01
3309.508 0.11976E+00
3352.120 0.15182E+00
3394.733 0.17812E+00
3437.345 0.19430E+00
3479.958 0.19600E+00
3479.958 0.48038E+00
3517.468 0.39368E+00
3554.979 0.27107E+00
3592.490 0.13093E+00
3630.000 -0.57494E-02
3630.000 -0.57495E-02
3662.833 -0.10548E+00
3695.667 -0.17486E+00
3728.500 -0.20529E+00
3761.333 -0.19252E+00
3794.167 -0.13736E+00
3827.000 -0.45834E-01
3859.833 0.71133E-01
3892.667 0.19871E+00
3925.500 0.31960E+00
3958.333 0.41583E+00
3991.167 0.47076E+00
4024.000 0.47104E+00
4056.833 0.40833E+00
4089.667 0.28051E+00
4122.500 0.92320E-01
4155.333 -0.14473E+00
4188.167 -0.41323E+00
4221.000 -0.69135E+00
4253.833 -0.95482E+00
4286.667 -0.11793E+01
4319.500 -0.13426E+01
4352.333 -0.14270E+01
4385.167 -0.14208E+01
4418.000 -0.13192E+01
4450.833 -0.11251E+01
4483.667 -0.84837E+00
4516.500 -0.50502E+00
4549.333 -0.11570E+00
4582.167 0.29594E+00
4615.000 0.70506E+00
4647.833 0.10872E+01
4680.667 0.14196E+01
4713.500 0.16822E+01
4746.333 0.18582E+01
4779.167 0.19350E+01
4812.000 0.19038E+01
4844.833 0.17606E+01
4877.667 0.15066E+01
4910.500 0.11489E+01
4943.333 0.70113E+00
4976.167 0.18455E+00
5009.000 -0.37216E+00
5041.833 -0.93305E+00
5074.667 -0.14564E+01
5107.500 -0.18972E+01
5140.333 -0.22110E+01
5173.167 -0.23587E+01
5206.000 -0.23114E+01
5238.833 -0.20561E+01
5271.667 -0.15989E+01
5304.500 -0.96827E+00
5337.333 -0.21440E+00
5370.167 0.59374E+00
5403.000 0.13743E+01
5435.833 0.20411E+01
5468.667 0.25138E+01
5501.500 0.27286E+01
5534.333 0.26477E+01
5567.167 0.22658E+01
5600.000 0.16140E+01
5600.000 0.16140E+01
5625.250 0.10014E+01
5650.500 0.28062E+00
5675.750 -0.50350E+00
5701.000 -0.12959E+01
5701.000 -0.81244E+00
5724.333 -0.16753E+01
5747.667 -0.24257E+01
5771.000 -0.30033E+01
5771.000 -0.30033E+01
5796.000 -0.33671E+01
5821.000 -0.34522E+01
5846.000 -0.32372E+01
5871.000 -0.27309E+01
5896.000 -0.19734E+01
5921.000 -0.10325E+01
5946.000 0.35869E-02
5971.000 0.10374E+01
5971.000 0.13401E+01
5993.500 0.21621E+01
6016.000 0.28007E+01
6038.500 0.32288E+01
6061.000 0.34414E+01
6083.500 0.34514E+01
6106.000 0.32832E+01
6128.500 0.29653E+01
6151.000 0.25242E+01
6151.000 0.34301E+01
6174.333 0.26158E+01
6197.667 0.16635E+01
6221.000 0.61488E+00
6244.333 -0.48846E+00
6267.667 -0.15969E+01
6291.000 -0.26463E+01
6291.000 -0.26610E+01
6309.543 -0.33884E+01
6328.086 -0.39836E+01
6346.629 -0.44019E+01
6346.629 -0.37770E+01
6351.314 -0.38751E+01
6356.000 -0.39560E+01
6356.000 -0.35622E+01
6362.000 -0.36581E+01
6368.000 -0.37127E+01
6368.000 -0.11432E+01
6369.500 -0.11572E+01
6371.000 -0.11616E+01
