0.000 0.00000E+00
22.620 -0.22136E-05
45.240 -0.88542E-05
67.861 -0.19921E-04
90.481 -0.35413E-04
113.101 -0.55329E-04
135.721 -0.79666E-04
158.341 -0.10842E-03
180.962 -0.14160E-03
203.582 -0.17918E-03
226.202 -0.22118E-03
248.822 -0.26757E-03
271.442 -0.31837E-03
294.063 -0.37357E-03
316.683 -0.43315E-03
339.303 -0.49711E-03
361.923 -0.56546E-03
384.543 -0.63817E-03
407.164 -0.71524E-03
429.784 -0.79667E-03
452.404 -0.88244E-03
475.024 -0.97255E-03
497.644 -0.10670E-02
520.265 -0.11657E-02
542.885 -0.12688E-02
565.505 -0.13762E-02
588.125 -0.14878E-02
610.745 -0.16037E-02
633.366 -0.17239E-02
655.986 -0.18483E-02
678.606 -0.19770E-02
701.226 -0.21099E-02
723.846 -0.22470E-02
746.467 -0.23883E-02
769.087 -0.25338E-02
791.707 -0.26834E-02
814.327 -0.28372E-02
836.947 -0.29952E-02
859.568 -0.31572E-02
882.188 -0.33233E-02
904.808 -0.34936E-02
927.428 -0.36679E-02
950.048 -0.38462E-02
972.669 -0.40286E-02
995.289 -0.42150E-02
1017.909 -0.44053E-02
1040.529 -0.45997E-02
1063.149 -0.47980E-02
1085.770 -0.50002E-02
1108.390 -0.52063E-02
1131.010 -0.54163E-02
1153.630 -0.56302E-02
1176.250 -0.58479E-02
1198.871 -0.60694E-02
1221.491 -0.62947E-02
1221.491 -0.60002E-02
1264.103 -0.64144E-02
1306.716 -0.68413E-02
1349.328 -0.72807E-02
1391.941 -0.77324E-02
1434.554 -0.81962E-02
1477.166 -0.86721E-02
1519.779 -0.91597E-02
1562.391 -0.96590E-02
1605.004 -0.10170E-01
1647.617 -0.10692E-01
1690.229 -0.11225E-01
1732.842 -0.11768E-01
1775.454 -0.12323E-01
1818.067 -0.12888E-01
1860.679 -0.13462E-01
1903.292 -0.14047E-01
1945.905 -0.14641E-01
1988.517 -0.15245E-01
2031.130 -0.15858E-01
2073.742 -0.16480E-01
2116.355 -0.17110E-01
2158.968 -0.17748E-01
2201.580 -0.18395E-01
2244.193 -0.19049E-01
2286.805 -0.19711E-01
2329.418 -0.20379E-01
2372.031 -0.21054E-01
2414.643 -0.21736E-01
2457.256 -0.22423E-01
2499.868 -0.23116E-01
2542.481 -0.23815E-01
2585.094 -0.24518E-01
2627.706 -0.25226E-01
2670.319 -0.25938E-01
2712.931 -0.26653E-01
2755.544 -0.27372E-01
2798.156 -0.28094E-01
2840.769 -0.28818E-01
2883.382 -0.29544E-01
2925.994 -0.30275E-01
2968.607 -0.31006E-01
3011.219 -0.31738E-01
3053.832 -0.32472E-01
3096.444 -0.33208E-01
3139.057 -0.33946E-01
3181.670 -0.34688E-01
3224.282 -0.35437E-01
3266.895 -0.36194E-01
3309.508 -0.36966E-01
3352.120 -0.37759E-01
3394.733 -0.38583E-01
3437.345 -0.39454E-01
3479.958 -0.40392E-01
3479.958 -0.20830E-01
3517.468 -0.21759E-01
3554.979 -0.22224E-01
3592.490 -0.22461E-01
3630.000 -0.22578E-01
3630.000 -0.22578E-01
3662.833 -0.22608E-01
3695.667 -0.22575E-01
3728.500 -0.22466E-01
3761.333 -0.22261E-01
3794.167 -0.21933E-01
3827.000 -0.21452E-01
3859.833 -0.20780E-01
3892.667 -0.19874E-01
3925.500 -0.18685E-01
3958.333 -0.17156E-01
3991.167 -0.15221E-01
4024.000 -0.12802E-01
4056.833 -0.98119E-02
4089.667 -0.61481E-02
4122.500 -0.16936E-02
4155.333 0.36853E-02
4188.167 0.10141E-01
4221.000 0.17846E-01
4253.833 0.26994E-01
4286.667 0.37804E-01
4319.500 0.50519E-01
4352.333 0.65407E-01
4385.167 0.82766E-01
4418.000 0.10292E+00
4450.833 0.12622E+00
4483.667 0.15305E+00
4516.500 0.18381E+00
4549.333 0.21892E+00
4582.167 0.25885E+00
4615.000 0.30406E+00
4647.833 0.35500E+00
4680.667 0.41217E+00
4713.500 0.47602E+00
4746.333 0.54698E+00
4779.167 0.62547E+00
4812.000 0.71183E+00
4844.833 0.80633E+00
4877.667 0.90916E+00
4910.500 0.10204E+01
4943.333 0.11398E+01
4976.167 0.12673E+01
5009.000 0.14022E+01
5041.833 0.15439E+01
5074.667 0.16914E+01
5107.500 0.18431E+01
5140.333 0.19976E+01
5173.167 0.21525E+01
5206.000 0.23055E+01
5238.833 0.24535E+01
5271.667 0.25932E+01
5304.500 0.27206E+01
5337.333 0.28314E+01
5370.167 0.29209E+01
5403.000 0.29839E+01
5435.833 0.30151E+01
5468.667 0.30087E+01
5501.500 0.29592E+01
5534.333 0.28610E+01
5567.167 0.27088E+01
5600.000 0.24982E+01
5600.000 0.24982E+01
5625.250 0.23500E+01
5650.500 0.21610E+01
5675.750 0.19288E+01
5701.000 0.16521E+01
5701.000 0.32013E+01
5724.333 0.27870E+01
5747.667 0.23378E+01
5771.000 0.18534E+01
5771.000 0.18534E+01
5796.000 0.14648E+01
5821.000 0.10322E+01
5846.000 0.55743E+00
5871.000 0.43416E-01
5896.000 -0.50584E+00
5921.000 -0.10852E+01
5946.000 -0.16883E+01
5971.000 -0.23076E+01
5971.000 -0.14674E+01
5993.500 -0.21945E+01
6016.000 -0.29080E+01
6038.500 -0.35991E+01
6061.000 -0.42577E+01
6083.500 -0.48736E+01
6106.000 -0.54360E+01
6128.500 -0.59337E+01
6151.000 -0.63559E+01
6151.000 -0.60249E+01
6174.333 -0.65892E+01
6197.667 -0.70258E+01
6221.000 -0.73194E+01
6244.333 -0.74556E+01
6267.667 -0.74214E+01
6291.000 -0.72050E+01
6291.000 -0.70740E+01
6309.543 -0.67449E+01
6328.086 -0.62857E+01
6346.629 -0.56911E+01
6346.629 -0.68901E+01
6351.314 -0.68480E+01
6356.000 -0.68010E+01
6356.000 -0.74535E+01
6362.000 -0.74511E+01
6368.000 -0.74398E+01
6368.000 -0.25165E+01
6369.500 -0.25215E+01
6371.000 -0.25238E+01
