0.000 0.00000E+00
22.620 -0.11499E-06
45.240 -0.45993E-06
67.861 -0.10348E-05
90.481 -0.18395E-05
113.101 -0.28741E-05
135.721 -0.41382E-05
158.341 -0.55887E-05
180.962 -0.73171E-05
203.582 -0.92736E-05
226.202 -0.11458E-04
248.822 -0.13871E-04
271.442 -0.16512E-04
294.063 -0.19382E-04
316.683 -0.22479E-04
339.303 -0.25733E-04
361.923 -0.29198E-04
384.543 -0.32794E-04
407.164 -0.36454E-04
429.784 -0.40069E-04
452.404 -0.43477E-04
475.024 -0.46453E-04
497.644 -0.48697E-04
520.265 -0.49839E-04
542.885 -0.49446E-04
565.505 -0.47054E-04
588.125 -0.42219E-04
610.745 -0.34587E-04
633.366 -0.23990E-04
655.986 -0.10554E-04
678.606 0.51864E-05
701.226 0.22191E-04
723.846 0.38847E-04
746.467 0.52960E-04
769.087 0.61816E-04
791.707 0.62346E-04
814.327 0.51376E-04
836.947 0.25976E-04
859.568 -0.16121E-04
882.188 -0.76085E-04
904.808 -0.15357E-03
927.428 -0.24636E-03
950.048 -0.35026E-03
972.669 -0.45908E-03
995.289 -0.56492E-03
1017.909 -0.65878E-03
1040.529 -0.73134E-03
1063.149 -0.77390E-03
1085.770 -0.77952E-03
1108.390 -0.74400E-03
1131.010 -0.66675E-03
1153.630 -0.55133E-03
1176.250 -0.40555E-03
1198.871 -0.24110E-03
1221.491 -0.72692E-04
1221.491 -0.84105E-03
1264.103 -0.11839E-02
1306.716 -0.16928E-02
1349.328 -0.24375E-02
1391.941 -0.35103E-02
1434.554 -0.50301E-02
1477.166 -0.71471E-02
1519.779 -0.10046E-01
1562.391 -0.13948E-01
1605.004 -0.19110E-01
1647.617 -0.25824E-01
1690.229 -0.34405E-01
1732.842 -0.45183E-01
1775.454 -0.58482E-01
1818.067 -0.74591E-01
1860.679 -0.93736E-01
1903.292 -0.11603E+00
1945.905 -0.14145E+00
1988.517 -0.16973E+00
2031.130 -0.20038E+00
2073.742 -0.23256E+00
2116.355 -0.26508E+00
2158.968 -0.29637E+00
2201.580 -0.32441E+00
2244.193 -0.34679E+00
2286.805 -0.36076E+00
2329.418 -0.36327E+00
2372.031 -0.35115E+00
2414.643 -0.32125E+00
2457.256 -0.27071E+00
2499.868 -0.19721E+00
2542.481 -0.99262E-01
2585.094 0.23435E-01
2627.706 0.16970E+00
2670.319 0.33657E+00
2712.931 0.51910E+00
2755.544 0.71021E+00
2798.156 0.90074E+00
2840.769 0.10796E+01
2883.382 0.12342E+01
2925.994 0.13510E+01
2968.607 0.14163E+01
3011.219 0.14176E+01
3053.832 0.13441E+01
3096.444 0.11886E+01
3139.057 0.94856E+00
3181.670 0.62718E+00
3224.282 0.23436E+00
3266.895 -0.21280E+00
3309.508 -0.69006E+00
3352.120 -0.11668E+01
3394.733 -0.16074E+01
3437.345 -0.19736E+01
3479.958 -0.22276E+01
3479.958 -0.11537E+01
3517.468 -0.12186E+01
3554.979 -0.12402E+01
3592.490 -0.12222E+01
3630.000 -0.11698E+01
3630.000 -0.11698E+01
3662.833 -0.11027E+01
3695.667 -0.10181E+01
3728.500 -0.91942E+00
3761.333 -0.80909E+00
3794.167 -0.68881E+00
3827.000 -0.55942E+00
3859.833 -0.42104E+00
3892.667 -0.27337E+00
3925.500 -0.11602E+00
3958.333 0.51002E-01
3991.167 0.22690E+00
4024.000 0.40960E+00
4056.833 0.59547E+00
4089.667 0.77911E+00
4122.500 0.95335E+00
4155.333 0.11095E+01
4188.167 0.12377E+01
4221.000 0.13278E+01
4253.833 0.13698E+01
4286.667 0.13551E+01
4319.500 0.12774E+01
4352.333 0.11336E+01
4385.167 0.92443E+00
4418.000 0.65520E+00
4450.833 0.33589E+00
4483.667 -0.19001E-01
4516.500 -0.39101E+00
4549.333 -0.75867E+00
4582.167 -0.10989E+01
4615.000 -0.13883E+01
4647.833 -0.16055E+01
4680.667 -0.17324E+01
4713.500 -0.17560E+01
4746.333 -0.16698E+01
4779.167 -0.14748E+01
4812.000 -0.11798E+01
4844.833 -0.80139E+00
4877.667 -0.36276E+00
4910.500 0.10745E+00
4943.333 0.57727E+00
4976.167 0.10138E+01
5009.000 0.13858E+01
5041.833 0.16662E+01
5074.667 0.18345E+01
5107.500 0.18785E+01
5140.333 0.17957E+01
5173.167 0.15936E+01
5206.000 0.12891E+01
5238.833 0.90727E+00
5271.667 0.47930E+00
5304.500 0.39595E-01
5337.333 -0.37720E+00
5370.167 -0.73938E+00
5403.000 -0.10212E+01
5435.833 -0.12049E+01
5468.667 -0.12830E+01
5501.500 -0.12581E+01
5534.333 -0.11426E+01
5567.167 -0.95746E+00
5600.000 -0.72932E+00
5600.000 -0.72932E+00
5625.250 -0.53210E+00
5650.500 -0.33519E+00
5675.750 -0.15333E+00
5701.000 -0.14385E-03
5701.000 0.30153E+00
5724.333 0.38884E+00
5747.667 0.41449E+00
5771.000 0.38174E+00
5771.000 0.38174E+00
5796.000 0.32197E+00
5821.000 0.21551E+00
5846.000 0.82076E-01
5871.000 -0.53032E-01
5896.000 -0.16129E+00
5921.000 -0.21422E+00
5946.000 -0.18733E+00
5971.000 -0.64219E-01
5971.000 0.93760E-01
5993.500 0.27837E+00
6016.000 0.52508E+00
6038.500 0.81072E+00
6061.000 0.11043E+01
6083.500 0.13699E+01
6106.000 0.15704E+01
6128.500 0.16711E+01
6151.000 0.16445E+01
6151.000 0.20328E+01
6174.333 0.17620E+01
6197.667 0.12986E+01
6221.000 0.66789E+00
6244.333 -0.82868E-01
6267.667 -0.88799E+00
6291.000 -0.16699E+01
6291.000 -0.16860E+01
6309.543 -0.22192E+01
6328.086 -0.26510E+01
6346.629 -0.29499E+01
6346.629 -0.25738E+01
6351.314 -0.26373E+01
6356.000 -0.26890E+01
6356.000 -0.24432E+01
6362.000 -0.25044E+01
6368.000 -0.25371E+01
6368.000 -0.26278E+00
6369.500 -0.26445E+00
6371.000 -0.26493E+00
