0.000 0.00000E+00
22.620 0.18575E-04
45.240 0.74299E-04
67.861 0.16716E-03
90.481 0.29716E-03
113.101 0.46428E-03
135.721 0.66851E-03
158.341 0.90981E-03
180.962 0.11882E-02
203.582 0.15036E-02
226.202 0.18559E-02
248.822 0.22453E-02
271.442 0.26716E-02
294.063 0.31347E-02
316.683 0.36347E-02
339.303 0.41714E-02
361.923 0.47449E-02
384.543 0.53551E-02
407.164 0.60018E-02
429.784 0.66851E-02
452.404 0.74048E-02
475.024 0.81609E-02
497.644 0.89534E-02
520.265 0.97821E-02
542.885 0.10647E-01
565.505 0.11548E-01
588.125 0.12485E-01
610.745 0.13457E-01
633.366 0.14466E-01
655.986 0.15510E-01
678.606 0.16590E-01
701.226 0.17705E-01
723.846 0.18855E-01
746.467 0.20041E-01
769.087 0.21262E-01
791.707 0.22517E-01
814.327 0.23808E-01
836.947 0.25133E-01
859.568 0.26493E-01
882.188 0.27887E-01
904.808 0.29316E-01
927.428 0.30778E-01
950.048 0.32275E-01
972.669 0.33805E-01
995.289 0.35369E-01
1017.909 0.36967E-01
1040.529 0.38597E-01
1063.149 0.40261E-01
1085.770 0.41958E-01
1108.390 0.43688E-01
1131.010 0.45450E-01
1153.630 0.47245E-01
1176.250 0.49071E-01
1198.871 0.50930E-01
1221.491 0.52821E-01
1221.491 0.50349E-01
1264.103 0.53800E-01
1306.716 0.57379E-01
1349.328 0.61057E-01
1391.941 0.64832E-01
1434.554 0.68700E-01
1477.166 0.72656E-01
1519.779 0.76695E-01
1562.391 0.80809E-01
1605.004 0.84987E-01
1647.617 0.89218E-01
1690.229 0.93485E-01
1732.842 0.97766E-01
1775.454 0.10204E+00
1818.067 0.10626E+00
1860.679 0.11040E+00
1903.292 0.11440E+00
1945.905 0.11819E+00
1988.517 0.12170E+00
2031.130 0.12482E+00
2073.742 0.12744E+00
2116.355 0.12939E+00
2158.968 0.13050E+00
2201.580 0.13055E+00
2244.193 0.12927E+00
2286.805 0.12636E+00
2329.418 0.12142E+00
2372.031 0.11403E+00
2414.643 0.10365E+00
2457.256 0.89687E-01
2499.868 0.71418E-01
2542.481 0.48023E-01
2585.094 0.18553E-01
2627.706 -0.18080E-01
2670.319 -0.63116E-01
2712.931 -0.11796E+00
2755.544 -0.18420E+00
2798.156 -0.26362E+00
2840.769 -0.35820E+00
2883.382 -0.47013E+00
2925.994 -0.60183E+00
2968.607 -0.75595E+00
3011.219 -0.93534E+00
3053.832 -0.11431E+01
3096.444 -0.13825E+01
3139.057 -0.16570E+01
3181.670 -0.19702E+01
3224.282 -0.23259E+01
3266.895 -0.27278E+01
3309.508 -0.31796E+01
3352.120 -0.36850E+01
3394.733 -0.42474E+01
3437.345 -0.48698E+01
3479.958 -0.55546E+01
3479.958 0.52312E-01
3517.468 -0.19399E+00
3554.979 -0.28545E+00
3592.490 -0.27362E+00
3630.000 -0.19529E+00
3630.000 -0.19529E+00
3662.833 -0.86938E-01
3695.667 0.40951E-01
3728.500 0.17907E+00
3761.333 0.32087E+00
3794.167 0.46191E+00
3827.000 0.59924E+00
3859.833 0.73108E+00
3892.667 0.85642E+00
3925.500 0.97484E+00
3958.333 0.10863E+01
3991.167 0.11911E+01
4024.000 0.12895E+01
4056.833 0.13822E+01
4089.667 0.14694E+01
4122.500 0.15518E+01
4155.333 0.16299E+01
4188.167 0.17039E+01
4221.000 0.17743E+01
4253.833 0.18413E+01
4286.667 0.19052E+01
4319.500 0.19659E+01
4352.333 0.20237E+01
4385.167 0.20784E+01
4418.000 0.21299E+01
4450.833 0.21781E+01
4483.667 0.22228E+01
4516.500 0.22638E+01
4549.333 0.23007E+01
4582.167 0.23332E+01
4615.000 0.23610E+01
4647.833 0.23836E+01
4680.667 0.24008E+01
4713.500 0.24120E+01
4746.333 0.24169E+01
4779.167 0.24151E+01
4812.000 0.24061E+01
4844.833 0.23898E+01
4877.667 0.23656E+01
4910.500 0.23333E+01
4943.333 0.22926E+01
4976.167 0.22433E+01
5009.000 0.21853E+01
5041.833 0.21183E+01
5074.667 0.20423E+01
5107.500 0.19574E+01
5140.333 0.18635E+01
5173.167 0.17608E+01
5206.000 0.16495E+01
5238.833 0.15298E+01
5271.667 0.14021E+01
5304.500 0.12667E+01
5337.333 0.11243E+01
5370.167 0.97525E+00
5403.000 0.82024E+00
5435.833 0.65996E+00
5468.667 0.49514E+00
5501.500 0.32659E+00
5534.333 0.15516E+00
5567.167 -0.18242E-01
5600.000 -0.19269E+00
5600.000 -0.19269E+00
5625.250 -0.32850E+00
5650.500 -0.46415E+00
5675.750 -0.59931E+00
5701.000 -0.73360E+00
5701.000 -0.46652E+00
5724.333 -0.60135E+00
5747.667 -0.73553E+00
5771.000 -0.86852E+00
5771.000 -0.86853E+00
5796.000 -0.98319E+00
5821.000 -0.10965E+01
5846.000 -0.12081E+01
5871.000 -0.13177E+01
5896.000 -0.14247E+01
5921.000 -0.15289E+01
5946.000 -0.16299E+01
5971.000 -0.17273E+01
5971.000 -0.15723E+01
5993.500 -0.16777E+01
6016.000 -0.17783E+01
6038.500 -0.18737E+01
6061.000 -0.19635E+01
6083.500 -0.20475E+01
6106.000 -0.21253E+01
6128.500 -0.21969E+01
6151.000 -0.22620E+01
6151.000 -0.21785E+01
6174.333 -0.22721E+01
6197.667 -0.23541E+01
6221.000 -0.24244E+01
6244.333 -0.24828E+01
6267.667 -0.25292E+01
6291.000 -0.25638E+01
6291.000 -0.25592E+01
6309.543 -0.25779E+01
6328.086 -0.25893E+01
6346.629 -0.25936E+01
6346.629 -0.22989E+01
6351.314 -0.23031E+01
6356.000 -0.23069E+01
6356.000 -0.21140E+01
6362.000 -0.21193E+01
6368.000 -0.21236E+01
6368.000 -0.80348E+00
6369.500 -0.80395E+00
6371.000 -0.80404E+00
