0.000 0.00000E+00
22.620 0.18731E-06
45.240 0.74920E-06
67.861 0.16856E-05
90.481 0.29965E-05
113.101 0.46817E-05
135.721 0.67410E-05
158.341 0.91742E-05
180.962 0.11981E-04
203.582 0.15161E-04
226.202 0.18715E-04
248.822 0.25268E-04
271.442 0.32790E-04
294.063 0.43637E-04
316.683 0.59741E-04
339.303 0.83830E-04
361.923 0.11951E-03
384.543 0.17123E-03
407.164 0.24413E-03
429.784 0.34367E-03
452.404 0.47502E-03
475.024 0.64231E-03
497.644 0.84759E-03
520.265 0.10898E-02
542.885 0.13637E-02
565.505 0.16589E-02
588.125 0.19596E-02
610.745 0.22442E-02
633.366 0.24860E-02
655.986 0.26547E-02
678.606 0.27187E-02
701.226 0.26475E-02
723.846 0.24152E-02
746.467 0.20042E-02
769.087 0.14085E-02
791.707 0.63658E-03
814.327 -0.28696E-03
836.947 -0.13206E-02
859.568 -0.24073E-02
882.188 -0.34773E-02
904.808 -0.44530E-02
927.428 -0.52547E-02
950.048 -0.58084E-02
972.669 -0.60523E-02
995.289 -0.59449E-02
1017.909 -0.54695E-02
1040.529 -0.46390E-02
1063.149 -0.34964E-02
1085.770 -0.21134E-02
1108.390 -0.58519E-03
1131.010 0.97705E-03
1153.630 0.24558E-02
1176.250 0.37380E-02
1198.871 0.47265E-02
1221.491 0.53492E-02
1221.491 -0.39684E-02
1264.103 -0.54701E-02
1306.716 -0.75196E-02
1349.328 -0.10208E-01
1391.941 -0.13640E-01
1434.554 -0.17925E-01
1477.166 -0.23172E-01
1519.779 -0.29474E-01
1562.391 -0.36905E-01
1605.004 -0.45502E-01
1647.617 -0.55253E-01
1690.229 -0.66082E-01
1732.842 -0.77836E-01
1775.454 -0.90268E-01
1818.067 -0.10303E+00
1860.679 -0.11565E+00
1903.292 -0.12754E+00
1945.905 -0.13802E+00
1988.517 -0.14627E+00
2031.130 -0.15138E+00
2073.742 -0.15241E+00
2116.355 -0.14835E+00
2158.968 -0.13825E+00
2201.580 -0.12122E+00
2244.193 -0.96520E-01
2286.805 -0.63629E-01
2329.418 -0.22319E-01
2372.031 0.27267E-01
2414.643 0.84551E-01
2457.256 0.14846E+00
2499.868 0.21738E+00
2542.481 0.28916E+00
2585.094 0.36111E+00
2627.706 0.43002E+00
2670.319 0.49233E+00
2712.931 0.54417E+00
2755.544 0.58157E+00
2798.156 0.60069E+00
2840.769 0.59801E+00
2883.382 0.57065E+00
2925.994 0.51661E+00
2968.607 0.43505E+00
3011.219 0.32657E+00
3053.832 0.19335E+00
3096.444 0.39325E-01
3139.057 -0.12980E+00
3181.670 -0.30661E+00
3224.282 -0.48221E+00
3266.895 -0.64655E+00
3309.508 -0.78894E+00
3352.120 -0.89869E+00
3394.733 -0.96581E+00
3437.345 -0.98188E+00
3479.958 -0.94088E+00
3479.958 -0.17925E+01
3517.468 -0.18504E+01
3554.979 -0.18437E+01
3592.490 -0.17709E+01
3630.000 -0.16333E+01
3630.000 -0.16333E+01
3662.833 -0.14652E+01
3695.667 -0.12520E+01
3728.500 -0.99925E+00
3761.333 -0.71420E+00
3794.167 -0.40506E+00
3827.000 -0.80848E-01
3859.833 0.24906E+00
3892.667 0.57527E+00
3925.500 0.88878E+00
3958.333 0.11813E+01
3991.167 0.14454E+01
4024.000 0.16750E+01
4056.833 0.18653E+01
4089.667 0.20128E+01
4122.500 0.21154E+01
4155.333 0.21724E+01
4188.167 0.21841E+01
4221.000 0.21516E+01
4253.833 0.20770E+01
4286.667 0.19627E+01
4319.500 0.18114E+01
4352.333 0.16260E+01
4385.167 0.14096E+01
4418.000 0.11652E+01
4450.833 0.89572E+00
4483.667 0.60454E+00
4516.500 0.29515E+00
4549.333 -0.28403E-01
4582.167 -0.36140E+00
4615.000 -0.69825E+00
4647.833 -0.10323E+01
4680.667 -0.13560E+01
4713.500 -0.16605E+01
4746.333 -0.19364E+01
4779.167 -0.21733E+01
4812.000 -0.23611E+01
4844.833 -0.24896E+01
4877.667 -0.25498E+01
4910.500 -0.25344E+01
4943.333 -0.24382E+01
4976.167 -0.22592E+01
5009.000 -0.19990E+01
5041.833 -0.16629E+01
5074.667 -0.12607E+01
5107.500 -0.80611E+00
5140.333 -0.31671E+00
5173.167 0.18673E+00
5206.000 0.68114E+00
5238.833 0.11423E+01
5271.667 0.15464E+01
5304.500 0.18711E+01
5337.333 0.20973E+01
5370.167 0.22109E+01
5403.000 0.22033E+01
5435.833 0.20733E+01
5468.667 0.18269E+01
5501.500 0.14779E+01
5534.333 0.10473E+01
5567.167 0.56251E+00
5600.000 0.55621E-01
5600.000 0.55623E-01
5625.250 -0.31776E+00
5650.500 -0.67798E+00
5675.750 -0.10071E+01
5701.000 -0.12866E+01
5701.000 -0.89241E+00
5724.333 -0.11324E+01
5747.667 -0.12983E+01
5771.000 -0.13802E+01
5771.000 -0.13803E+01
5796.000 -0.13305E+01
5821.000 -0.11687E+01
5846.000 -0.89434E+00
5871.000 -0.51438E+00
5896.000 -0.43789E-01
5921.000 0.49406E+00
5946.000 0.10678E+01
5971.000 0.16392E+01
5971.000 0.20395E+01
5993.500 0.24659E+01
6016.000 0.27833E+01
6038.500 0.29663E+01
6061.000 0.29966E+01
6083.500 0.28643E+01
6106.000 0.25688E+01
6128.500 0.21190E+01
6151.000 0.15333E+01
6151.000 0.21052E+01
6174.333 0.12184E+01
6197.667 0.22957E+00
6221.000 -0.79992E+00
6244.333 -0.18058E+01
6267.667 -0.27257E+01
6291.000 -0.35035E+01
6291.000 -0.35193E+01
6309.543 -0.39883E+01
6328.086 -0.43262E+01
6346.629 -0.45230E+01
6346.629 -0.38843E+01
6351.314 -0.39194E+01
6356.000 -0.39441E+01
6356.000 -0.35414E+01
6362.000 -0.35708E+01
6368.000 -0.35776E+01
6368.000 -0.83366E+00
6369.500 -0.83749E+00
6371.000 -0.83853E+00
