0.000 0.00000E+00
22.620 0.12030E-05
45.240 0.18916E-05
67.861 0.35953E-05
90.481 0.61053E-05
113.101 0.93797E-05
135.721 0.13404E-04
158.341 0.18173E-04
180.962 0.23682E-04
203.582 0.29931E-04
226.202 0.36945E-04
248.822 0.44757E-04
271.442 0.53397E-04
294.063 0.62909E-04
316.683 0.73355E-04
339.303 0.84823E-04
361.923 0.97421E-04
384.543 0.11128E-03
407.164 0.12657E-03
429.784 0.14345E-03
452.404 0.16212E-03
475.024 0.18277E-03
497.644 0.20559E-03
520.265 0.23075E-03
542.885 0.25837E-03
565.505 0.28853E-03
588.125 0.32122E-03
610.745 0.35633E-03
633.366 0.39366E-03
655.986 0.43285E-03
678.606 0.47342E-03
701.226 0.51475E-03
723.846 0.55605E-03
746.467 0.59643E-03
769.087 0.63490E-03
791.707 0.67038E-03
814.327 0.70178E-03
836.947 0.72801E-03
859.568 0.74809E-03
882.188 0.76121E-03
904.808 0.76678E-03
927.428 0.76452E-03
950.048 0.75455E-03
972.669 0.73742E-03
995.289 0.71420E-03
1017.909 0.68653E-03
1040.529 0.65659E-03
1063.149 0.62714E-03
1085.770 0.60149E-03
1108.390 0.58342E-03
1131.010 0.57710E-03
1153.630 0.58697E-03
1176.250 0.61759E-03
1198.871 0.67346E-03
1221.491 0.75881E-03
1221.491 0.57977E-03
1264.103 0.69948E-03
1306.716 0.77472E-03
1349.328 0.81428E-03
1391.941 0.82198E-03
1434.554 0.79839E-03
1477.166 0.74189E-03
1519.779 0.64933E-03
1562.391 0.51642E-03
1605.004 0.33806E-03
1647.617 0.10856E-03
1690.229 -0.17818E-03
1732.842 -0.52843E-03
1775.454 -0.94845E-03
1818.067 -0.14442E-02
1860.679 -0.20212E-02
1903.292 -0.26839E-02
1945.905 -0.34357E-02
1988.517 -0.42786E-02
2031.130 -0.52125E-02
2073.742 -0.62348E-02
2116.355 -0.73405E-02
2158.968 -0.85209E-02
2201.580 -0.97641E-02
2244.193 -0.11054E-01
2286.805 -0.12370E-01
2329.418 -0.13686E-01
2372.031 -0.14974E-01
2414.643 -0.16196E-01
2457.256 -0.17314E-01
2499.868 -0.18282E-01
2542.481 -0.19049E-01
2585.094 -0.19563E-01
2627.706 -0.19767E-01
2670.319 -0.19600E-01
2712.931 -0.19001E-01
2755.544 -0.17912E-01
2798.156 -0.16272E-01
2840.769 -0.14029E-01
2883.382 -0.11133E-01
2925.994 -0.75457E-02
2968.607 -0.32393E-02
3011.219 0.18000E-02
3053.832 0.75688E-02
3096.444 0.14044E-01
3139.057 0.21178E-01
3181.670 0.28901E-01
3224.282 0.37113E-01
3266.895 0.45685E-01
3309.508 0.54458E-01
3352.120 0.63243E-01
3394.733 0.71818E-01
3437.345 0.79935E-01
3479.958 0.87318E-01
3479.958 0.29181E+00
3517.468 0.28452E+00
3554.979 0.27894E+00
3592.490 0.27426E+00
3630.000 0.26975E+00
3630.000 0.26975E+00
3662.833 0.26155E+00
3695.667 0.25217E+00
3728.500 0.24111E+00
3761.333 0.22792E+00
3794.167 0.21215E+00
3827.000 0.19343E+00
3859.833 0.17141E+00
3892.667 0.14579E+00
3925.500 0.11634E+00
3958.333 0.82865E-01
3991.167 0.45273E-01
4024.000 0.35295E-02
4056.833 -0.42315E-01
4089.667 -0.92120E-01
4122.500 -0.14565E+00
4155.333 -0.20257E+00
4188.167 -0.26245E+00
4221.000 -0.32476E+00
4253.833 -0.38885E+00
4286.667 -0.45398E+00
4319.500 -0.51934E+00
4352.333 -0.58398E+00
4385.167 -0.64693E+00
4418.000 -0.70711E+00
4450.833 -0.76339E+00
4483.667 -0.81462E+00
4516.500 -0.85961E+00
4549.333 -0.89717E+00
4582.167 -0.92615E+00
4615.000 -0.94541E+00
4647.833 -0.95389E+00
4680.667 -0.95063E+00
4713.500 -0.93477E+00
4746.333 -0.90557E+00
4779.167 -0.86249E+00
4812.000 -0.80513E+00
4844.833 -0.73331E+00
4877.667 -0.64709E+00
4910.500 -0.54672E+00
4943.333 -0.43272E+00
4976.167 -0.30586E+00
5009.000 -0.16716E+00
5041.833 -0.17910E-01
5074.667 0.14037E+00
5107.500 0.30591E+00
5140.333 0.47672E+00
5173.167 0.65060E+00
5206.000 0.82519E+00
5238.833 0.99796E+00
5271.667 0.11663E+01
5304.500 0.13275E+01
5337.333 0.14787E+01
5370.167 0.16174E+01
5403.000 0.17408E+01
5435.833 0.18463E+01
5468.667 0.19315E+01
5501.500 0.19942E+01
5534.333 0.20325E+01
5567.167 0.20447E+01
5600.000 0.20294E+01
5600.000 0.20294E+01
5625.250 0.20275E+01
5650.500 0.20093E+01
5675.750 0.19737E+01
5701.000 0.19196E+01
5701.000 0.26284E+01
5724.333 0.25129E+01
5747.667 0.23708E+01
5771.000 0.22029E+01
5771.000 0.22029E+01
5796.000 0.20778E+01
5821.000 0.19217E+01
5846.000 0.17340E+01
5871.000 0.15148E+01
5896.000 0.12645E+01
5921.000 0.98428E+00
5946.000 0.67582E+00
5971.000 0.34156E+00
5971.000 0.71177E+00
5993.500 0.31020E+00
6016.000 -0.10148E+00
6038.500 -0.51801E+00
6061.000 -0.93406E+00
6083.500 -0.13443E+01
6106.000 -0.17433E+01
6128.500 -0.21262E+01
6151.000 -0.24879E+01
6151.000 -0.21879E+01
6174.333 -0.26400E+01
6197.667 -0.30495E+01
6221.000 -0.34112E+01
6244.333 -0.37209E+01
6267.667 -0.39753E+01
6291.000 -0.41727E+01
6291.000 -0.41748E+01
6309.543 -0.42871E+01
6328.086 -0.43639E+01
6346.629 -0.44055E+01
6346.629 -0.37796E+01
6351.314 -0.37869E+01
6356.000 -0.37917E+01
6356.000 -0.34020E+01
6362.000 -0.34074E+01
6368.000 -0.34076E+01
6368.000 -0.12022E+01
6369.500 -0.12039E+01
6371.000 -0.12042E+01
