0.000 0.00000E+00
22.620 0.46881E-05
45.240 0.18752E-04
67.861 0.42190E-04
90.481 0.74999E-04
113.101 0.11718E-03
135.721 0.16872E-03
158.341 0.22962E-03
180.962 0.29987E-03
203.582 0.37947E-03
226.202 0.46841E-03
248.822 0.56667E-03
271.442 0.67426E-03
294.063 0.79115E-03
316.683 0.91733E-03
339.303 0.10528E-02
361.923 0.11975E-02
384.543 0.13515E-02
407.164 0.15148E-02
429.784 0.16872E-02
452.404 0.18689E-02
475.024 0.20597E-02
497.644 0.22597E-02
520.265 0.24688E-02
542.885 0.26871E-02
565.505 0.29145E-02
588.125 0.31509E-02
610.745 0.33964E-02
633.366 0.36509E-02
655.986 0.39145E-02
678.606 0.41870E-02
701.226 0.44684E-02
723.846 0.47588E-02
746.467 0.50580E-02
769.087 0.53661E-02
791.707 0.56830E-02
814.327 0.60087E-02
836.947 0.63432E-02
859.568 0.66864E-02
882.188 0.70383E-02
904.808 0.73988E-02
927.428 0.77679E-02
950.048 0.81456E-02
972.669 0.85318E-02
995.289 0.89266E-02
1017.909 0.93297E-02
1040.529 0.97413E-02
1063.149 0.10161E-01
1085.770 0.10590E-01
1108.390 0.11026E-01
1131.010 0.11471E-01
1153.630 0.11924E-01
1176.250 0.12385E-01
1198.871 0.12854E-01
1221.491 0.13331E-01
1221.491 0.12707E-01
1264.103 0.13585E-01
1306.716 0.14489E-01
1349.328 0.15419E-01
1391.941 0.16375E-01
1434.554 0.17358E-01
1477.166 0.18365E-01
1519.779 0.19397E-01
1562.391 0.20454E-01
1605.004 0.21534E-01
1647.617 0.22638E-01
1690.229 0.23764E-01
1732.842 0.24911E-01
1775.454 0.26078E-01
1818.067 0.27265E-01
1860.679 0.28468E-01
1903.292 0.29686E-01
1945.905 0.30916E-01
1988.517 0.32153E-01
2031.130 0.33393E-01
2073.742 0.34629E-01
2116.355 0.35852E-01
2158.968 0.37052E-01
2201.580 0.38213E-01
2244.193 0.39317E-01
2286.805 0.40342E-01
2329.418 0.41257E-01
2372.031 0.42025E-01
2414.643 0.42598E-01
2457.256 0.42919E-01
2499.868 0.42914E-01
2542.481 0.42495E-01
2585.094 0.41553E-01
2627.706 0.39954E-01
2670.319 0.37541E-01
2712.931 0.34120E-01
2755.544 0.29463E-01
2798.156 0.23301E-01
2840.769 0.15315E-01
2883.382 0.51353E-02
2925.994 -0.76670E-02
2968.607 -0.23584E-01
3011.219 -0.43178E-01
3053.832 -0.67082E-01
3096.444 -0.96004E-01
3139.057 -0.13073E+00
3181.670 -0.17211E+00
3224.282 -0.22109E+00
3266.895 -0.27863E+00
3309.508 -0.34578E+00
3352.120 -0.42357E+00
3394.733 -0.51306E+00
3437.345 -0.61525E+00
3479.958 -0.73105E+00
3479.958 0.17611E-01
3517.468 0.15664E-02
3554.979 0.11183E-01
3592.490 0.35566E-01
3630.000 0.67532E-01
3630.000 0.67532E-01
3662.833 0.99091E-01
3695.667 0.13094E+00
3728.500 0.16174E+00
3761.333 0.19068E+00
3794.167 0.21729E+00
3827.000 0.24134E+00
3859.833 0.26276E+00
3892.667 0.28159E+00
3925.500 0.29789E+00
3958.333 0.31177E+00
3991.167 0.32334E+00
4024.000 0.33271E+00
4056.833 0.33997E+00
4089.667 0.34521E+00
4122.500 0.34849E+00
4155.333 0.34989E+00
4188.167 0.34944E+00
4221.000 0.34720E+00
4253.833 0.34322E+00
4286.667 0.33756E+00
4319.500 0.33027E+00
4352.333 0.32144E+00
4385.167 0.31118E+00
4418.000 0.29961E+00
4450.833 0.28688E+00
4483.667 0.27320E+00
4516.500 0.25878E+00
4549.333 0.24391E+00
4582.167 0.22890E+00
4615.000 0.21410E+00
4647.833 0.19992E+00
4680.667 0.18682E+00
4713.500 0.17528E+00
4746.333 0.16586E+00
4779.167 0.15914E+00
4812.000 0.15572E+00
4844.833 0.15625E+00
4877.667 0.16141E+00
4910.500 0.17187E+00
4943.333 0.18831E+00
4976.167 0.21142E+00
5009.000 0.24185E+00
5041.833 0.28022E+00
5074.667 0.32710E+00
5107.500 0.38301E+00
5140.333 0.44835E+00
5173.167 0.52346E+00
5206.000 0.60852E+00
5238.833 0.70359E+00
5271.667 0.80859E+00
5304.500 0.92321E+00
5337.333 0.10470E+01
5370.167 0.11793E+01
5403.000 0.13191E+01
5435.833 0.14653E+01
5468.667 0.16166E+01
5501.500 0.17711E+01
5534.333 0.19271E+01
5567.167 0.20824E+01
5600.000 0.22344E+01
5600.000 0.22344E+01
5625.250 0.23264E+01
5650.500 0.24076E+01
5675.750 0.24753E+01
5701.000 0.25264E+01
5701.000 0.24124E+01
5724.333 0.24103E+01
5747.667 0.23921E+01
5771.000 0.23565E+01
5771.000 0.23565E+01
5796.000 0.22633E+01
5821.000 0.21319E+01
5846.000 0.19595E+01
5871.000 0.17436E+01
5896.000 0.14818E+01
5921.000 0.11729E+01
5946.000 0.81600E+00
5971.000 0.41121E+00
5971.000 0.42585E+00
5993.500 0.29202E-01
6016.000 -0.38600E+00
6038.500 -0.81691E+00
6061.000 -0.12603E+01
6083.500 -0.17126E+01
6106.000 -0.21698E+01
6128.500 -0.26277E+01
6151.000 -0.30818E+01
6151.000 -0.33942E+01
6174.333 -0.38819E+01
6197.667 -0.43396E+01
6221.000 -0.47628E+01
6244.333 -0.51474E+01
6267.667 -0.54895E+01
6291.000 -0.57859E+01
6291.000 -0.56182E+01
6309.543 -0.58110E+01
6328.086 -0.59751E+01
6346.629 -0.61096E+01
6346.629 -0.66000E+01
6351.314 -0.66227E+01
6356.000 -0.66417E+01
6356.000 -0.68278E+01
6362.000 -0.68477E+01
6368.000 -0.68567E+01
6368.000 -0.82731E+00
6369.500 -0.82823E+00
6371.000 -0.82845E+00
