0.000 0.00000E+00
22.620 0.15959E-07
45.240 0.63835E-07
67.861 0.14362E-06
90.481 0.25531E-06
113.101 0.39889E-06
135.721 0.57435E-06
158.341 0.78167E-06
180.962 0.10208E-05
203.582 0.12918E-05
226.202 0.15946E-05
248.822 0.19291E-05
271.442 0.22953E-05
294.063 0.26932E-05
316.683 0.31228E-05
339.303 0.35839E-05
361.923 0.40766E-05
384.543 0.46009E-05
407.164 0.51565E-05
429.784 0.57436E-05
452.404 0.63619E-05
475.024 0.70116E-05
497.644 0.76924E-05
520.265 0.84044E-05
542.885 0.91474E-05
565.505 0.99214E-05
588.125 0.10726E-04
610.745 0.11562E-04
633.366 0.12428E-04
655.986 0.13326E-04
678.606 0.14253E-04
701.226 0.15211E-04
723.846 0.16200E-04
746.467 0.17218E-04
769.087 0.18267E-04
791.707 0.19346E-04
814.327 0.20455E-04
836.947 0.21594E-04
859.568 0.22762E-04
882.188 0.23960E-04
904.808 0.25187E-04
927.428 0.26443E-04
950.048 0.27729E-04
972.669 0.29044E-04
995.289 0.30388E-04
1017.909 0.31760E-04
1040.529 0.33161E-04
1063.149 0.34591E-04
1085.770 0.36049E-04
1108.390 0.37535E-04
1131.010 0.39049E-04
1153.630 0.40591E-04
1176.250 0.42160E-04
1198.871 0.43758E-04
1221.491 0.21501E-04
1221.491 0.18350E-04
1264.103 0.17242E-04
1306.716 -0.32015E-05
1349.328 -0.52995E-04
1391.941 -0.15484E-03
1434.554 -0.34957E-03
1477.166 -0.70565E-03
1519.779 -0.13327E-02
1562.391 -0.23989E-02
1605.004 -0.41524E-02
1647.617 -0.69425E-02
1690.229 -0.11239E-01
1732.842 -0.17639E-01
1775.454 -0.26854E-01
1818.067 -0.39663E-01
1860.679 -0.56815E-01
1903.292 -0.78872E-01
1945.905 -0.10598E+00
1988.517 -0.13759E+00
2031.130 -0.17212E+00
2073.742 -0.20664E+00
2116.355 -0.23665E+00
2158.968 -0.25604E+00
2201.580 -0.25730E+00
2244.193 -0.23224E+00
2286.805 -0.17310E+00
2329.418 -0.74099E-01
2372.031 0.66567E-01
2414.643 0.24478E+00
2457.256 0.44879E+00
2499.868 0.65839E+00
2542.481 0.84551E+00
2585.094 0.97659E+00
2627.706 0.10171E+01
2670.319 0.93764E+00
2712.931 0.72177E+00
2755.544 0.37278E+00
2798.156 -0.80873E-01
2840.769 -0.58421E+00
2883.382 -0.10600E+01
2925.994 -0.14190E+01
2968.607 -0.15769E+01
3011.219 -0.14733E+01
3053.832 -0.10916E+01
3096.444 -0.47281E+00
3139.057 0.28194E+00
3181.670 0.10230E+01
3224.282 0.15798E+01
3266.895 0.18004E+01
3309.508 0.15953E+01
3352.120 0.97346E+00
3394.733 0.57865E-01
3437.345 -0.92926E+00
3479.958 -0.17147E+01
3479.958 -0.10335E+01
3517.468 -0.12643E+01
3554.979 -0.13307E+01
3592.490 -0.12405E+01
3630.000 -0.10181E+01
3630.000 -0.10181E+01
3662.833 -0.73897E+00
3695.667 -0.40299E+00
3728.500 -0.29942E-01
3761.333 0.35973E+00
3794.167 0.74146E+00
3827.000 0.10833E+01
3859.833 0.13451E+01
3892.667 0.14815E+01
3925.500 0.14503E+01
3958.333 0.12238E+01
3991.167 0.80081E+00
4024.000 0.21625E+00
4056.833 -0.45673E+00
4089.667 -0.11137E+01
4122.500 -0.16357E+01
4155.333 -0.19131E+01
4188.167 -0.18713E+01
4221.000 -0.14924E+01
4253.833 -0.82582E+00
4286.667 0.15686E-01
4319.500 0.87601E+00
4352.333 0.15875E+01
4385.167 0.20077E+01
4418.000 0.20529E+01
4450.833 0.17174E+01
4483.667 0.10763E+01
4516.500 0.26706E+00
4549.333 -0.54354E+00
4582.167 -0.11992E+01
4615.000 -0.15900E+01
4647.833 -0.16749E+01
4680.667 -0.14839E+01
4713.500 -0.11016E+01
4746.333 -0.63639E+00
4779.167 -0.18673E+00
4812.000 0.18563E+00
4844.833 0.46579E+00
4877.667 0.67706E+00
4910.500 0.85734E+00
4943.333 0.10302E+01
4976.167 0.11828E+01
5009.000 0.12609E+01
5041.833 0.11850E+01
5074.667 0.88456E+00
5107.500 0.33706E+00
5140.333 -0.40211E+00
5173.167 -0.11943E+01
5206.000 -0.18435E+01
5238.833 -0.21503E+01
5271.667 -0.19781E+01
5304.500 -0.13106E+01
5337.333 -0.27752E+00
5370.167 0.86504E+00
5403.000 0.18002E+01
5435.833 0.22447E+01
5468.667 0.20434E+01
5501.500 0.12312E+01
5534.333 0.37523E-01
5567.167 -0.11738E+01
5600.000 -0.20155E+01
5600.000 -0.20155E+01
5625.250 -0.22325E+01
5650.500 -0.19983E+01
5675.750 -0.13285E+01
5701.000 -0.33423E+00
5701.000 0.59132E-01
5724.333 0.11983E+01
5747.667 0.21176E+01
5771.000 0.26230E+01
5771.000 0.26230E+01
5796.000 0.26556E+01
5821.000 0.20750E+01
5846.000 0.10113E+01
5871.000 -0.26861E+00
5896.000 -0.14302E+01
5921.000 -0.21698E+01
5946.000 -0.23123E+01
5971.000 -0.18744E+01
5971.000 -0.17234E+01
5993.500 -0.99821E+00
6016.000 -0.26365E+00
6038.500 0.25210E+00
6061.000 0.43233E+00
6083.500 0.30726E+00
6106.000 0.35521E-01
6128.500 -0.16292E+00
6151.000 -0.99115E-01
6151.000 0.30362E+00
6174.333 0.73057E+00
6197.667 0.13687E+01
6221.000 0.19277E+01
6244.333 0.20655E+01
6267.667 0.15527E+01
6291.000 0.40299E+00
6291.000 0.35766E+00
6309.543 -0.78935E+00
6328.086 -0.19121E+01
6346.629 -0.27620E+01
6346.629 -0.23260E+01
6351.314 -0.25116E+01
6356.000 -0.26594E+01
6356.000 -0.23700E+01
6362.000 -0.25492E+01
6368.000 -0.26297E+01
6368.000 -0.31655E+00
6369.500 -0.32415E+00
6371.000 -0.32661E+00
