0.000 0.00000E+00
22.620 0.22197E-05
45.240 0.88787E-05
67.861 0.19976E-04
90.481 0.35511E-04
113.101 0.55482E-04
135.721 0.79886E-04
158.341 0.10872E-03
180.962 0.14199E-03
203.582 0.17968E-03
226.202 0.22179E-03
248.822 0.26831E-03
271.442 0.31925E-03
294.063 0.37460E-03
316.683 0.43434E-03
339.303 0.49849E-03
361.923 0.56702E-03
384.543 0.63993E-03
407.164 0.71721E-03
429.784 0.79887E-03
452.404 0.88488E-03
475.024 0.97523E-03
497.644 0.10699E-02
520.265 0.11690E-02
542.885 0.12723E-02
565.505 0.13800E-02
588.125 0.14919E-02
610.745 0.16082E-02
633.366 0.17287E-02
655.986 0.18534E-02
678.606 0.19825E-02
701.226 0.21157E-02
723.846 0.22532E-02
746.467 0.23949E-02
769.087 0.25408E-02
791.707 0.26908E-02
814.327 0.28451E-02
836.947 0.30034E-02
859.568 0.31659E-02
882.188 0.33325E-02
904.808 0.35032E-02
927.428 0.36780E-02
950.048 0.38568E-02
972.669 0.40397E-02
995.289 0.42266E-02
1017.909 0.44175E-02
1040.529 0.46124E-02
1063.149 0.48112E-02
1085.770 0.50140E-02
1108.390 0.52207E-02
1131.010 0.54313E-02
1153.630 0.56457E-02
1176.250 0.58640E-02
1198.871 0.60862E-02
1221.491 0.63121E-02
1221.491 0.60168E-02
1264.103 0.64321E-02
1306.716 0.68602E-02
1349.328 0.71883E-02
1391.941 0.76340E-02
1434.554 0.80707E-02
1477.166 0.84970E-02
1519.779 0.89081E-02
1562.391 0.92967E-02
1605.004 0.96525E-02
1647.617 0.99616E-02
1690.229 0.10207E-01
1732.842 0.10366E-01
1775.454 0.10411E-01
1818.067 0.10309E-01
1860.679 0.10018E-01
1903.292 0.94897E-02
1945.905 0.86643E-02
1988.517 0.74722E-02
2031.130 0.58318E-02
2073.742 0.36484E-02
2116.355 0.81348E-03
2158.968 -0.27964E-02
2201.580 -0.73198E-02
2244.193 -0.12911E-01
2286.805 -0.19737E-01
2329.418 -0.27983E-01
2372.031 -0.37842E-01
2414.643 -0.49518E-01
2457.256 -0.63221E-01
2499.868 -0.79160E-01
2542.481 -0.97539E-01
2585.094 -0.11855E+00
2627.706 -0.14235E+00
2670.319 -0.16907E+00
2712.931 -0.19881E+00
2755.544 -0.23157E+00
2798.156 -0.26730E+00
2840.769 -0.30583E+00
2883.382 -0.34689E+00
2925.994 -0.39007E+00
2968.607 -0.43480E+00
3011.219 -0.48032E+00
3053.832 -0.52570E+00
3096.444 -0.56977E+00
3139.057 -0.61115E+00
3181.670 -0.64822E+00
3224.282 -0.67913E+00
3266.895 -0.70179E+00
3309.508 -0.71391E+00
3352.120 -0.71302E+00
3394.733 -0.69651E+00
3437.345 -0.66170E+00
3479.958 -0.60590E+00
3479.958 0.17110E+01
3517.468 0.18545E+01
3554.979 0.19746E+01
3592.490 0.20696E+01
3630.000 0.21380E+01
3630.000 0.21380E+01
3662.833 0.21730E+01
3695.667 0.21854E+01
3728.500 0.21749E+01
3761.333 0.21409E+01
3794.167 0.20835E+01
3827.000 0.20028E+01
3859.833 0.18994E+01
3892.667 0.17741E+01
3925.500 0.16280E+01
3958.333 0.14626E+01
3991.167 0.12796E+01
4024.000 0.10810E+01
4056.833 0.86925E+00
4089.667 0.64676E+00
4122.500 0.41632E+00
4155.333 0.18082E+00
4188.167 -0.56703E-01
4221.000 -0.29316E+00
4253.833 -0.52545E+00
4286.667 -0.75048E+00
4319.500 -0.96525E+00
4352.333 -0.11669E+01
4385.167 -0.13529E+01
4418.000 -0.15206E+01
4450.833 -0.16681E+01
4483.667 -0.17935E+01
4516.500 -0.18954E+01
4549.333 -0.19728E+01
4582.167 -0.20251E+01
4615.000 -0.20520E+01
4647.833 -0.20539E+01
4680.667 -0.20313E+01
4713.500 -0.19853E+01
4746.333 -0.19174E+01
4779.167 -0.18292E+01
4812.000 -0.17229E+01
4844.833 -0.16007E+01
4877.667 -0.14651E+01
4910.500 -0.13187E+01
4943.333 -0.11640E+01
4976.167 -0.10038E+01
5009.000 -0.84046E+00
5041.833 -0.67651E+00
5074.667 -0.51408E+00
5107.500 -0.35513E+00
5140.333 -0.20129E+00
5173.167 -0.53896E-01
5206.000 0.86097E-01
5238.833 0.21807E+00
5271.667 0.34175E+00
5304.500 0.45720E+00
5337.333 0.56477E+00
5370.167 0.66505E+00
5403.000 0.75885E+00
5435.833 0.84704E+00
5468.667 0.93058E+00
5501.500 0.10104E+01
5534.333 0.10871E+01
5567.167 0.11614E+01
5600.000 0.12335E+01
5600.000 0.12335E+01
5625.250 0.12967E+01
5650.500 0.13659E+01
5675.750 0.14411E+01
5701.000 0.15216E+01
5701.000 0.19774E+01
5724.333 0.20696E+01
5747.667 0.21516E+01
5771.000 0.22210E+01
5771.000 0.22210E+01
5796.000 0.23468E+01
5821.000 0.24585E+01
5846.000 0.25495E+01
5871.000 0.26126E+01
5896.000 0.26400E+01
5921.000 0.26239E+01
5946.000 0.25560E+01
5971.000 0.24286E+01
5971.000 0.28175E+01
5993.500 0.25573E+01
6016.000 0.22380E+01
6038.500 0.18618E+01
6061.000 0.14321E+01
6083.500 0.95411E+00
6106.000 0.43441E+00
6128.500 -0.11889E+00
6151.000 -0.69630E+00
6151.000 -0.51760E+00
6174.333 -0.12409E+01
6197.667 -0.19557E+01
6221.000 -0.26440E+01
6244.333 -0.32881E+01
6267.667 -0.38705E+01
6291.000 -0.43746E+01
6291.000 -0.43369E+01
6309.543 -0.46587E+01
6328.086 -0.49186E+01
6346.629 -0.51113E+01
6346.629 -0.48809E+01
6351.314 -0.49284E+01
6356.000 -0.49697E+01
6356.000 -0.47741E+01
6362.000 -0.48245E+01
6368.000 -0.48589E+01
6368.000 -0.12775E+00
6369.500 -0.12795E+00
6371.000 -0.12798E+00
