0.000 0.00000E+00
22.620 0.45557E-05
45.240 0.18222E-04
67.861 0.40999E-04
90.481 0.72882E-04
113.101 0.11387E-03
135.721 0.16396E-03
158.341 0.22314E-03
180.962 0.29141E-03
203.582 0.36876E-03
226.202 0.45519E-03
248.822 0.55068E-03
271.442 0.65523E-03
294.063 0.76882E-03
316.683 0.89144E-03
339.303 0.10231E-02
361.923 0.11637E-02
384.543 0.13134E-02
407.164 0.14720E-02
429.784 0.16396E-02
452.404 0.18161E-02
475.024 0.20016E-02
497.644 0.21959E-02
520.265 0.23991E-02
542.885 0.26113E-02
565.505 0.28322E-02
588.125 0.30620E-02
610.745 0.33005E-02
633.366 0.35479E-02
655.986 0.38040E-02
678.606 0.40688E-02
701.226 0.43423E-02
723.846 0.46244E-02
746.467 0.49152E-02
769.087 0.52146E-02
791.707 0.55226E-02
814.327 0.58391E-02
836.947 0.61642E-02
859.568 0.64977E-02
882.188 0.68396E-02
904.808 0.71900E-02
927.428 0.75487E-02
950.048 0.79157E-02
972.669 0.82910E-02
995.289 0.86746E-02
1017.909 0.90664E-02
1040.529 0.94664E-02
1063.149 0.98745E-02
1085.770 0.10291E-01
1108.390 0.10715E-01
1131.010 0.11147E-01
1153.630 0.11587E-01
1176.250 0.12035E-01
1198.871 0.12491E-01
1221.491 0.12955E-01
1221.491 0.12349E-01
1264.103 0.13201E-01
1306.716 0.14080E-01
1349.328 0.14984E-01
1391.941 0.15914E-01
1434.554 0.16868E-01
1477.166 0.17848E-01
1519.779 0.18851E-01
1562.391 0.19878E-01
1605.004 0.20929E-01
1647.617 0.22003E-01
1690.229 0.23099E-01
1732.842 0.24216E-01
1775.454 0.25355E-01
1818.067 0.26514E-01
1860.679 0.27692E-01
1903.292 0.28888E-01
1945.905 0.30100E-01
1988.517 0.31326E-01
2031.130 0.32562E-01
2073.742 0.33806E-01
2116.355 0.35051E-01
2158.968 0.36292E-01
2201.580 0.37518E-01
2244.193 0.38719E-01
2286.805 0.39878E-01
2329.418 0.40973E-01
2372.031 0.41979E-01
2414.643 0.42859E-01
2457.256 0.43568E-01
2499.868 0.44047E-01
2542.481 0.44222E-01
2585.094 0.43998E-01
2627.706 0.43255E-01
2670.319 0.41846E-01
2712.931 0.39584E-01
2755.544 0.36242E-01
2798.156 0.31541E-01
2840.769 0.25141E-01
2883.382 0.16632E-01
2925.994 0.55219E-02
2968.607 -0.87747E-02
3011.219 -0.26948E-01
3053.832 -0.49808E-01
3096.444 -0.78293E-01
3139.057 -0.11348E+00
3181.670 -0.15661E+00
3224.282 -0.20905E+00
3266.895 -0.27236E+00
3309.508 -0.34823E+00
3352.120 -0.43850E+00
3394.733 -0.54510E+00
3437.345 -0.67008E+00
3479.958 -0.81547E+00
3479.958 0.29836E-01
3517.468 -0.11415E-02
3554.979 0.54381E-02
3592.490 0.32557E-01
3630.000 0.69440E-01
3630.000 0.69440E-01
3662.833 0.10562E+00
3695.667 0.14154E+00
3728.500 0.17553E+00
3761.333 0.20670E+00
3794.167 0.23462E+00
3827.000 0.25921E+00
3859.833 0.28057E+00
3892.667 0.29888E+00
3925.500 0.31438E+00
3958.333 0.32733E+00
3991.167 0.33795E+00
4024.000 0.34644E+00
4056.833 0.35297E+00
4089.667 0.35765E+00
4122.500 0.36059E+00
4155.333 0.36182E+00
4188.167 0.36140E+00
4221.000 0.35931E+00
4253.833 0.35556E+00
4286.667 0.35012E+00
4319.500 0.34298E+00
4352.333 0.33412E+00
4385.167 0.32355E+00
4418.000 0.31128E+00
4450.833 0.29737E+00
4483.667 0.28189E+00
4516.500 0.26496E+00
4549.333 0.24676E+00
4582.167 0.22749E+00
4615.000 0.20744E+00
4647.833 0.18693E+00
4680.667 0.16637E+00
4713.500 0.14622E+00
4746.333 0.12700E+00
4779.167 0.10932E+00
4812.000 0.93831E-01
4844.833 0.81263E-01
4877.667 0.72393E-01
4910.500 0.68050E-01
4943.333 0.69104E-01
4976.167 0.76455E-01
5009.000 0.91020E-01
5041.833 0.11372E+00
5074.667 0.14545E+00
5107.500 0.18709E+00
5140.333 0.23945E+00
5173.167 0.30326E+00
5206.000 0.37916E+00
5238.833 0.46764E+00
5271.667 0.56905E+00
5304.500 0.68354E+00
5337.333 0.81108E+00
5370.167 0.95135E+00
5403.000 0.11038E+01
5435.833 0.12676E+01
5468.667 0.14416E+01
5501.500 0.16243E+01
5534.333 0.18138E+01
5567.167 0.20079E+01
5600.000 0.22042E+01
5600.000 0.22042E+01
5625.250 0.23329E+01
5650.500 0.24535E+01
5675.750 0.25628E+01
5701.000 0.26573E+01
5701.000 0.25127E+01
5724.333 0.25513E+01
5747.667 0.25735E+01
5771.000 0.25775E+01
5771.000 0.25775E+01
5796.000 0.25214E+01
5821.000 0.24241E+01
5846.000 0.22817E+01
5871.000 0.20907E+01
5896.000 0.18482E+01
5921.000 0.15518E+01
5946.000 0.12003E+01
5971.000 0.79305E+00
5971.000 0.79027E+00
5993.500 0.38580E+00
6016.000 -0.42603E-01
6038.500 -0.49186E+00
6061.000 -0.95840E+00
6083.500 -0.14381E+01
6106.000 -0.19265E+01
6128.500 -0.24187E+01
6151.000 -0.29094E+01
6151.000 -0.32102E+01
6174.333 -0.37434E+01
6197.667 -0.42461E+01
6221.000 -0.47128E+01
6244.333 -0.51385E+01
6267.667 -0.55184E+01
6291.000 -0.58487E+01
6291.000 -0.56797E+01
6309.543 -0.58962E+01
6328.086 -0.60811E+01
6346.629 -0.62331E+01
6346.629 -0.67045E+01
6351.314 -0.67275E+01
6356.000 -0.67464E+01
6356.000 -0.69173E+01
6362.000 -0.69357E+01
6368.000 -0.69420E+01
6368.000 -0.10189E+01
6369.500 -0.10203E+01
6371.000 -0.10207E+01
