0.000 0.00000E+00
22.620 0.49578E-06
45.240 0.19831E-05
67.861 0.44617E-05
90.481 0.79314E-05
113.101 0.12392E-04
135.721 0.17843E-04
158.341 0.24283E-04
180.962 0.31713E-04
203.582 0.40131E-04
226.202 0.49536E-04
248.822 0.59928E-04
271.442 0.71305E-04
294.063 0.83667E-04
316.683 0.97011E-04
339.303 0.11134E-03
361.923 0.12664E-03
384.543 0.14293E-03
407.164 0.16019E-03
429.784 0.17843E-03
452.404 0.19764E-03
475.024 0.21782E-03
497.644 0.23897E-03
520.265 0.26109E-03
542.885 0.28417E-03
565.505 0.30821E-03
588.125 0.33322E-03
610.745 0.35918E-03
633.366 0.38610E-03
655.986 0.41397E-03
678.606 0.44278E-03
701.226 0.47255E-03
723.846 0.50325E-03
746.467 0.53490E-03
769.087 0.56748E-03
791.707 0.60100E-03
814.327 0.63544E-03
836.947 0.67082E-03
859.568 0.70711E-03
882.188 0.74432E-03
904.808 0.78245E-03
927.428 0.82148E-03
950.048 0.86143E-03
972.669 0.90227E-03
995.289 0.94401E-03
1017.909 0.98665E-03
1040.529 0.10302E-02
1063.149 0.10746E-02
1085.770 0.11199E-02
1108.390 0.11660E-02
1131.010 0.12131E-02
1153.630 0.12610E-02
1176.250 0.13097E-02
1198.871 0.13582E-02
1221.491 0.14095E-02
1221.491 0.13426E-02
1264.103 0.14347E-02
1306.716 0.15288E-02
1349.328 0.16247E-02
1391.941 0.17216E-02
1434.554 0.18184E-02
1477.166 0.19136E-02
1519.779 0.20050E-02
1562.391 0.20894E-02
1605.004 0.21622E-02
1647.617 0.22175E-02
1690.229 0.22469E-02
1732.842 0.22397E-02
1775.454 0.21821E-02
1818.067 0.20567E-02
1860.679 0.18423E-02
1903.292 0.15133E-02
1945.905 0.10402E-02
1988.517 0.38960E-03
2031.130 -0.47442E-03
2073.742 -0.15890E-02
2116.355 -0.29898E-02
2158.968 -0.47076E-02
2201.580 -0.67640E-02
2244.193 -0.91656E-02
2286.805 -0.11898E-01
2329.418 -0.14918E-01
2372.031 -0.18147E-01
2414.643 -0.21465E-01
2457.256 -0.24699E-01
2499.868 -0.27628E-01
2542.481 -0.29975E-01
2585.094 -0.31413E-01
2627.706 -0.31575E-01
2670.319 -0.30070E-01
2712.931 -0.26504E-01
2755.544 -0.20516E-01
2798.156 -0.11812E-01
2840.769 -0.21188E-03
2883.382 0.14302E-01
2925.994 0.31538E-01
2968.607 0.51051E-01
3011.219 0.72107E-01
3053.832 0.93673E-01
3096.444 0.11442E+00
3139.057 0.13277E+00
3181.670 0.14695E+00
3224.282 0.15514E+00
3266.895 0.15561E+00
3309.508 0.14688E+00
3352.120 0.12796E+00
3394.733 0.98555E-01
3437.345 0.59241E-01
3479.958 0.11633E-01
3479.958 0.36152E+00
3517.468 0.14230E+00
3554.979 -0.94381E-01
3592.490 -0.33398E+00
3630.000 -0.56148E+00
3630.000 -0.56148E+00
3662.833 -0.74820E+00
3695.667 -0.90367E+00
3728.500 -0.10201E+01
3761.333 -0.10915E+01
3794.167 -0.11141E+01
3827.000 -0.10859E+01
3859.833 -0.10079E+01
3892.667 -0.88262E+00
3925.500 -0.71505E+00
3958.333 -0.51167E+00
3991.167 -0.28033E+00
4024.000 -0.29787E-01
4056.833 0.23070E+00
4089.667 0.49175E+00
4122.500 0.74419E+00
4155.333 0.97932E+00
4188.167 0.11891E+01
4221.000 0.13663E+01
4253.833 0.15045E+01
4286.667 0.15982E+01
4319.500 0.16429E+01
4352.333 0.16351E+01
4385.167 0.15724E+01
4418.000 0.14537E+01
4450.833 0.12794E+01
4483.667 0.10517E+01
4516.500 0.77510E+00
4549.333 0.45635E+00
4582.167 0.10490E+00
4615.000 -0.26714E+00
4647.833 -0.64501E+00
4680.667 -0.10117E+01
4713.500 -0.13487E+01
4746.333 -0.16365E+01
4779.167 -0.18562E+01
4812.000 -0.19904E+01
4844.833 -0.20252E+01
4877.667 -0.19510E+01
4910.500 -0.17643E+01
4943.333 -0.14685E+01
4976.167 -0.10745E+01
5009.000 -0.60084E+00
5041.833 -0.73199E-01
5074.667 0.47690E+00
5107.500 0.10138E+01
5140.333 0.15002E+01
5173.167 0.18996E+01
5206.000 0.21796E+01
5238.833 0.23143E+01
5271.667 0.22873E+01
5304.500 0.20933E+01
5337.333 0.17391E+01
5370.167 0.12445E+01
5403.000 0.64039E+00
5435.833 -0.32203E-01
5468.667 -0.72562E+00
5501.500 -0.13889E+01
5534.333 -0.19719E+01
5567.167 -0.24294E+01
5600.000 -0.27247E+01
5600.000 -0.27247E+01
5625.250 -0.28309E+01
5650.500 -0.28235E+01
5675.750 -0.26969E+01
5701.000 -0.24513E+01
5701.000 -0.21726E+01
5724.333 -0.18218E+01
5747.667 -0.13901E+01
5771.000 -0.89720E+00
5771.000 -0.89721E+00
5796.000 -0.28403E+00
5821.000 0.36219E+00
5846.000 0.10099E+01
5871.000 0.16268E+01
5896.000 0.21818E+01
5921.000 0.26474E+01
5946.000 0.30011E+01
5971.000 0.32273E+01
5971.000 0.35771E+01
5993.500 0.35920E+01
6016.000 0.34807E+01
6038.500 0.32550E+01
6061.000 0.29291E+01
6083.500 0.25184E+01
6106.000 0.20380E+01
6128.500 0.15021E+01
6151.000 0.92352E+00
6151.000 0.16159E+01
6174.333 0.74892E+00
6197.667 -0.13676E+00
6221.000 -0.10132E+01
6244.333 -0.18523E+01
6267.667 -0.26250E+01
6291.000 -0.33004E+01
6291.000 -0.33082E+01
6309.543 -0.37480E+01
6328.086 -0.40914E+01
6346.629 -0.43241E+01
6346.629 -0.37094E+01
6351.314 -0.37626E+01
6356.000 -0.38063E+01
6356.000 -0.34205E+01
6362.000 -0.34711E+01
6368.000 -0.35003E+01
6368.000 -0.12107E+01
6369.500 -0.12196E+01
6371.000 -0.12223E+01
