0.000 0.00000E+00
22.620 0.64542E-05
45.240 0.25816E-04
67.861 0.58084E-04
90.481 0.10325E-03
113.101 0.16132E-03
135.721 0.23228E-03
158.341 0.31613E-03
180.962 0.41285E-03
203.582 0.52243E-03
226.202 0.64487E-03
248.822 0.78016E-03
271.442 0.92827E-03
294.063 0.10892E-02
316.683 0.12629E-02
339.303 0.14494E-02
361.923 0.16487E-02
384.543 0.18607E-02
407.164 0.20854E-02
429.784 0.23228E-02
452.404 0.25729E-02
475.024 0.28356E-02
497.644 0.31110E-02
520.265 0.33989E-02
542.885 0.36994E-02
565.505 0.40124E-02
588.125 0.43380E-02
610.745 0.46759E-02
633.366 0.50264E-02
655.986 0.53892E-02
678.606 0.57643E-02
701.226 0.61518E-02
723.846 0.65515E-02
746.467 0.69635E-02
769.087 0.73877E-02
791.707 0.78240E-02
814.327 0.82724E-02
836.947 0.87329E-02
859.568 0.92054E-02
882.188 0.96898E-02
904.808 0.10186E-01
927.428 0.10694E-01
950.048 0.11214E-01
972.669 0.11746E-01
995.289 0.12289E-01
1017.909 0.12845E-01
1040.529 0.13411E-01
1063.149 0.13989E-01
1085.770 0.14579E-01
1108.390 0.15180E-01
1131.010 0.15792E-01
1153.630 0.16416E-01
1176.250 0.17051E-01
1198.871 0.17696E-01
1221.491 0.18353E-01
1221.491 0.17495E-01
1264.103 0.18702E-01
1306.716 0.19947E-01
1349.328 0.21228E-01
1391.941 0.22545E-01
1434.554 0.23898E-01
1477.166 0.25285E-01
1519.779 0.26707E-01
1562.391 0.28163E-01
1605.004 0.29652E-01
1647.617 0.31173E-01
1690.229 0.32727E-01
1732.842 0.34313E-01
1775.454 0.35929E-01
1818.067 0.37576E-01
1860.679 0.39252E-01
1903.292 0.40957E-01
1945.905 0.42689E-01
1988.517 0.44449E-01
2031.130 0.46234E-01
2073.742 0.48045E-01
2116.355 0.49878E-01
2158.968 0.51733E-01
2201.580 0.53606E-01
2244.193 0.55493E-01
2286.805 0.57388E-01
2329.418 0.59282E-01
2372.031 0.61159E-01
2414.643 0.62997E-01
2457.256 0.64763E-01
2499.868 0.66403E-01
2542.481 0.67839E-01
2585.094 0.68952E-01
2627.706 0.69564E-01
2670.319 0.69413E-01
2712.931 0.68114E-01
2755.544 0.65107E-01
2798.156 0.59585E-01
2840.769 0.50392E-01
2883.382 0.35890E-01
2925.994 0.13775E-01
2968.607 -0.19167E-01
3011.219 -0.67380E-01
3053.832 -0.13696E+00
3096.444 -0.23619E+00
3139.057 -0.37624E+00
3181.670 -0.57204E+00
3224.282 -0.84337E+00
3266.895 -0.12162E+01
3309.508 -0.17242E+01
3352.120 -0.24110E+01
3394.733 -0.33321E+01
3437.345 -0.45573E+01
3479.958 -0.61741E+01
3479.958 0.12427E+01
3517.468 0.29717E+00
3554.979 0.17709E+00
3592.490 0.40078E+00
3630.000 0.71899E+00
3630.000 0.71899E+00
3662.833 0.99072E+00
3695.667 0.12108E+01
3728.500 0.13684E+01
3761.333 0.14654E+01
3794.167 0.15097E+01
3827.000 0.15114E+01
3859.833 0.14805E+01
3892.667 0.14263E+01
3925.500 0.13564E+01
3958.333 0.12771E+01
3991.167 0.11934E+01
4024.000 0.11088E+01
4056.833 0.10261E+01
4089.667 0.94711E+00
4122.500 0.87291E+00
4155.333 0.80418E+00
4188.167 0.74120E+00
4221.000 0.68395E+00
4253.833 0.63219E+00
4286.667 0.58555E+00
4319.500 0.54353E+00
4352.333 0.50558E+00
4385.167 0.47110E+00
4418.000 0.43946E+00
4450.833 0.41003E+00
4483.667 0.38218E+00
4516.500 0.35529E+00
4549.333 0.32877E+00
4582.167 0.30206E+00
4615.000 0.27462E+00
4647.833 0.24598E+00
4680.667 0.21572E+00
4713.500 0.18348E+00
4746.333 0.14899E+00
4779.167 0.11206E+00
4812.000 0.72609E-01
4844.833 0.30681E-01
4877.667 -0.13554E-01
4910.500 -0.59776E-01
4943.333 -0.10750E+00
4976.167 -0.15608E+00
5009.000 -0.20467E+00
5041.833 -0.25224E+00
5074.667 -0.29755E+00
5107.500 -0.33917E+00
5140.333 -0.37546E+00
5173.167 -0.40460E+00
5206.000 -0.42459E+00
5238.833 -0.43327E+00
5271.667 -0.42835E+00
5304.500 -0.40746E+00
5337.333 -0.36817E+00
5370.167 -0.30807E+00
5403.000 -0.22480E+00
5435.833 -0.11617E+00
5468.667 0.19821E-01
5501.500 0.18486E+00
5534.333 0.38023E+00
5567.167 0.60675E+00
5600.000 0.86463E+00
5600.000 0.86463E+00
5625.250 0.10612E+01
5650.500 0.12701E+01
5675.750 0.14885E+01
5701.000 0.17129E+01
5701.000 0.14363E+01
5724.333 0.16326E+01
5747.667 0.18222E+01
5771.000 0.20019E+01
5771.000 0.20019E+01
5796.000 0.21311E+01
5821.000 0.22282E+01
5846.000 0.22867E+01
5871.000 0.23001E+01
5896.000 0.22625E+01
5921.000 0.21684E+01
5946.000 0.20137E+01
5971.000 0.17952E+01
5971.000 0.17014E+01
5993.500 0.14734E+01
6016.000 0.12033E+01
6038.500 0.89334E+00
6061.000 0.54703E+00
6083.500 0.16881E+00
6106.000 -0.23593E+00
6128.500 -0.66098E+00
6151.000 -0.10994E+01
6151.000 -0.11729E+01
6174.333 -0.16744E+01
6197.667 -0.21655E+01
6221.000 -0.26369E+01
6244.333 -0.30795E+01
6267.667 -0.34847E+01
6291.000 -0.38444E+01
6291.000 -0.37597E+01
6309.543 -0.40058E+01
6328.086 -0.42170E+01
6346.629 -0.43907E+01
6346.629 -0.43633E+01
6351.314 -0.43825E+01
6356.000 -0.43980E+01
6356.000 -0.43118E+01
6362.000 -0.43221E+01
6368.000 -0.43231E+01
6368.000 -0.12189E+01
6369.500 -0.12219E+01
6371.000 -0.12229E+01
