0.000 0.00000E+00
22.620 -0.45985E-07
45.240 -0.18393E-06
67.861 -0.41384E-06
90.481 -0.73566E-06
113.101 -0.11494E-05
135.721 -0.16550E-05
158.341 -0.22523E-05
180.962 -0.29415E-05
203.582 -0.37222E-05
226.202 -0.45946E-05
248.822 -0.55585E-05
271.442 -0.66138E-05
294.063 -0.77603E-05
316.683 -0.89981E-05
339.303 -0.10327E-04
361.923 -0.11747E-04
384.543 -0.13257E-04
407.164 -0.14858E-04
429.784 -0.16550E-04
452.404 -0.18331E-04
475.024 -0.20203E-04
497.644 -0.22165E-04
520.265 -0.24217E-04
542.885 -0.26358E-04
565.505 -0.28588E-04
588.125 -0.30907E-04
610.745 -0.33315E-04
633.366 -0.35812E-04
655.986 -0.38397E-04
678.606 -0.41070E-04
701.226 -0.43830E-04
723.846 -0.46678E-04
746.467 -0.49614E-04
769.087 -0.52636E-04
791.707 -0.55745E-04
814.327 -0.58939E-04
836.947 -0.62220E-04
859.568 -0.65587E-04
882.188 -0.69038E-04
904.808 -0.72574E-04
927.428 -0.76195E-04
950.048 -0.79900E-04
972.669 -0.83689E-04
995.289 -0.87560E-04
1017.909 -0.91515E-04
1040.529 -0.95552E-04
1063.149 -0.99671E-04
1085.770 -0.10387E-03
1108.390 -0.10815E-03
1131.010 -0.11252E-03
1153.630 -0.11696E-03
1176.250 -0.12148E-03
1198.871 -0.12608E-03
1221.491 -0.12883E-03
1221.491 -0.12705E-03
1264.103 -0.13815E-03
1306.716 -0.15193E-03
1349.328 -0.17037E-03
1391.941 -0.19691E-03
1434.554 -0.23725E-03
1477.166 -0.30065E-03
1519.779 -0.40172E-03
1562.391 -0.56287E-03
1605.004 -0.81760E-03
1647.617 -0.12146E-02
1690.229 -0.18226E-02
1732.842 -0.27364E-02
1775.454 -0.40823E-02
1818.067 -0.60241E-02
1860.679 -0.87666E-02
1903.292 -0.12557E-01
1945.905 -0.17679E-01
1988.517 -0.24446E-01
2031.130 -0.33171E-01
2073.742 -0.44141E-01
2116.355 -0.57565E-01
2158.968 -0.73509E-01
2201.580 -0.91823E-01
2244.193 -0.11205E+00
2286.805 -0.13334E+00
2329.418 -0.15436E+00
2372.031 -0.17326E+00
2414.643 -0.18765E+00
2457.256 -0.19461E+00
2499.868 -0.19090E+00
2542.481 -0.17313E+00
2585.094 -0.13812E+00
2627.706 -0.83383E-01
2670.319 -0.75915E-02
2712.931 0.88799E-01
2755.544 0.20302E+00
2798.156 0.32958E+00
2840.769 0.46001E+00
2883.382 0.58300E+00
2925.994 0.68493E+00
2968.607 0.75091E+00
3011.219 0.76628E+00
3053.832 0.71860E+00
3096.444 0.59989E+00
3139.057 0.40889E+00
3181.670 0.15302E+00
3224.282 -0.15049E+00
3266.895 -0.47450E+00
3309.508 -0.78357E+00
3352.120 -0.10371E+01
3394.733 -0.11945E+01
3437.345 -0.12212E+01
3479.958 -0.10955E+01
3479.958 -0.49092E+00
3517.468 -0.38335E+00
3554.979 -0.32757E+00
3592.490 -0.32557E+00
3630.000 -0.36745E+00
3630.000 -0.36745E+00
3662.833 -0.44091E+00
3695.667 -0.51036E+00
3728.500 -0.55507E+00
3761.333 -0.55642E+00
3794.167 -0.50079E+00
3827.000 -0.38171E+00
3859.833 -0.20111E+00
3892.667 0.30619E-01
3925.500 0.29580E+00
3958.333 0.57165E+00
3991.167 0.83322E+00
4024.000 0.10566E+01
4056.833 0.12221E+01
4089.667 0.13162E+01
4122.500 0.13335E+01
4155.333 0.12763E+01
4188.167 0.11537E+01
4221.000 0.97989E+00
4253.833 0.77075E+00
4286.667 0.54174E+00
4319.500 0.30542E+00
4352.333 0.70103E-01
4385.167 -0.16021E+00
4418.000 -0.38481E+00
4450.833 -0.60408E+00
4483.667 -0.81691E+00
4516.500 -0.10180E+01
4549.333 -0.11963E+01
4582.167 -0.13343E+01
4615.000 -0.14095E+01
4647.833 -0.13975E+01
4680.667 -0.12768E+01
4713.500 -0.10340E+01
4746.333 -0.66904E+00
4779.167 -0.19901E+00
4812.000 0.34029E+00
4844.833 0.89607E+00
4877.667 0.14035E+01
4910.500 0.17940E+01
4943.333 0.20049E+01
4976.167 0.19907E+01
5009.000 0.17324E+01
5041.833 0.12437E+01
5074.667 0.57313E+00
5107.500 -0.19980E+00
5140.333 -0.97383E+00
5173.167 -0.16397E+01
5206.000 -0.20969E+01
5238.833 -0.22696E+01
5271.667 -0.21215E+01
5304.500 -0.16632E+01
5337.333 -0.95391E+00
5370.167 -0.94009E-01
5403.000 0.78920E+00
5435.833 0.15616E+01
5468.667 0.21043E+01
5501.500 0.23341E+01
5534.333 0.22184E+01
5567.167 0.17815E+01
5600.000 0.11010E+01
5600.000 0.11010E+01
5625.250 0.49617E+00
5650.500 -0.14258E+00
5675.750 -0.74840E+00
5701.000 -0.12557E+01
5701.000 -0.10205E+01
5724.333 -0.14134E+01
5747.667 -0.16237E+01
5771.000 -0.16458E+01
5771.000 -0.16458E+01
5796.000 -0.14636E+01
5821.000 -0.11273E+01
5846.000 -0.70723E+00
5871.000 -0.28782E+00
5896.000 0.47835E-01
5921.000 0.23613E+00
5946.000 0.24915E+00
5971.000 0.10507E+00
5971.000 0.29384E+00
5993.500 0.24657E-01
6016.000 -0.24804E+00
6038.500 -0.43135E+00
6061.000 -0.44948E+00
6083.500 -0.26160E+00
6106.000 0.12642E+00
6128.500 0.65931E+00
6151.000 0.12398E+01
6151.000 0.16916E+01
6174.333 0.21900E+01
6197.667 0.23878E+01
6221.000 0.21769E+01
6244.333 0.15300E+01
6267.667 0.51653E+00
6291.000 -0.70316E+00
6291.000 -0.73721E+00
6309.543 -0.16752E+01
6328.086 -0.24833E+01
6346.629 -0.30554E+01
6346.629 -0.26482E+01
6351.314 -0.27708E+01
6356.000 -0.28688E+01
6356.000 -0.25989E+01
6362.000 -0.27170E+01
6368.000 -0.27734E+01
6368.000 -0.23145E+00
6369.500 -0.23439E+00
6371.000 -0.23531E+00
