0.000 0.00000E+00
22.620 -0.16138E-04
45.240 -0.64606E-04
67.861 -0.14546E-03
90.481 -0.25897E-03
113.101 -0.40550E-03
135.721 -0.58557E-03
158.341 -0.79987E-03
180.962 -0.10492E-02
203.582 -0.13348E-02
226.202 -0.16578E-02
248.822 -0.20199E-02
271.442 -0.24229E-02
294.063 -0.28692E-02
316.683 -0.33613E-02
339.303 -0.39022E-02
361.923 -0.44955E-02
384.543 -0.51449E-02
407.164 -0.58549E-02
429.784 -0.66302E-02
452.404 -0.74762E-02
475.024 -0.83986E-02
497.644 -0.94036E-02
520.265 -0.10498E-01
542.885 -0.11688E-01
565.505 -0.12983E-01
588.125 -0.14388E-01
610.745 -0.15913E-01
633.366 -0.17564E-01
655.986 -0.19351E-01
678.606 -0.21281E-01
701.226 -0.23361E-01
723.846 -0.25600E-01
746.467 -0.28004E-01
769.087 -0.30581E-01
791.707 -0.33334E-01
814.327 -0.36271E-01
836.947 -0.39394E-01
859.568 -0.42706E-01
882.188 -0.46209E-01
904.808 -0.49903E-01
927.428 -0.53786E-01
950.048 -0.57855E-01
972.669 -0.62104E-01
995.289 -0.66527E-01
1017.909 -0.71115E-01
1040.529 -0.75855E-01
1063.149 -0.80734E-01
1085.770 -0.85736E-01
1108.390 -0.90843E-01
1131.010 -0.96033E-01
1153.630 -0.10128E+00
1176.250 -0.10657E+00
1198.871 -0.11186E+00
1221.491 -0.11714E+00
1221.491 -0.63768E-01
1264.103 -0.63255E-01
1306.716 -0.62197E-01
1349.328 -0.60571E-01
1391.941 -0.58360E-01
1434.554 -0.55549E-01
1477.166 -0.52130E-01
1519.779 -0.48097E-01
1562.391 -0.43451E-01
1605.004 -0.38196E-01
1647.617 -0.32343E-01
1690.229 -0.25907E-01
1732.842 -0.18910E-01
1775.454 -0.11377E-01
1818.067 -0.33422E-02
1860.679 0.51579E-02
1903.292 0.14080E-01
1945.905 0.23375E-01
1988.517 0.32988E-01
2031.130 0.42860E-01
2073.742 0.52927E-01
2116.355 0.63119E-01
2158.968 0.73361E-01
2201.580 0.83574E-01
2244.193 0.93676E-01
2286.805 0.10358E+00
2329.418 0.11320E+00
2372.031 0.12243E+00
2414.643 0.13119E+00
2457.256 0.13937E+00
2499.868 0.14688E+00
2542.481 0.15362E+00
2585.094 0.15948E+00
2627.706 0.16437E+00
2670.319 0.16819E+00
2712.931 0.17085E+00
2755.544 0.17224E+00
2798.156 0.17228E+00
2840.769 0.17089E+00
2883.382 0.16798E+00
2925.994 0.16348E+00
2968.607 0.15732E+00
3011.219 0.14945E+00
3053.832 0.13982E+00
3096.444 0.12838E+00
3139.057 0.11511E+00
3181.670 0.10000E+00
3224.282 0.83047E-01
3266.895 0.64263E-01
3309.508 0.43681E-01
3352.120 0.21349E-01
3394.733 -0.26662E-02
3437.345 -0.28277E-01
3479.958 -0.55375E-01
3479.958 -0.13876E+01
3517.468 -0.14712E+01
3554.979 -0.15487E+01
3592.490 -0.16193E+01
3630.000 -0.16825E+01
3630.000 -0.16825E+01
3662.833 -0.17334E+01
3695.667 -0.17774E+01
3728.500 -0.18139E+01
3761.333 -0.18424E+01
3794.167 -0.18625E+01
3827.000 -0.18737E+01
3859.833 -0.18758E+01
3892.667 -0.18683E+01
3925.500 -0.18511E+01
3958.333 -0.18239E+01
3991.167 -0.17865E+01
4024.000 -0.17389E+01
4056.833 -0.16809E+01
4089.667 -0.16127E+01
4122.500 -0.15342E+01
4155.333 -0.14457E+01
4188.167 -0.13474E+01
4221.000 -0.12396E+01
4253.833 -0.11225E+01
4286.667 -0.99677E+00
4319.500 -0.86277E+00
4352.333 -0.72108E+00
4385.167 -0.57235E+00
4418.000 -0.41727E+00
4450.833 -0.25661E+00
4483.667 -0.91168E-01
4516.500 0.78171E-01
4549.333 0.25048E+00
4582.167 0.42480E+00
4615.000 0.60011E+00
4647.833 0.77536E+00
4680.667 0.94948E+00
4713.500 0.11214E+01
4746.333 0.12899E+01
4779.167 0.14539E+01
4812.000 0.16122E+01
4844.833 0.17638E+01
4877.667 0.19075E+01
4910.500 0.20422E+01
4943.333 0.21667E+01
4976.167 0.22802E+01
5009.000 0.23815E+01
5041.833 0.24697E+01
5074.667 0.25439E+01
5107.500 0.26033E+01
5140.333 0.26472E+01
5173.167 0.26748E+01
5206.000 0.26856E+01
5238.833 0.26791E+01
5271.667 0.26550E+01
5304.500 0.26129E+01
5337.333 0.25527E+01
5370.167 0.24744E+01
5403.000 0.23780E+01
5435.833 0.22639E+01
5468.667 0.21323E+01
5501.500 0.19838E+01
5534.333 0.18189E+01
5567.167 0.16385E+01
5600.000 0.14435E+01
5600.000 0.14435E+01
5625.250 0.13227E+01
5650.500 0.11910E+01
5675.750 0.10483E+01
5701.000 0.89466E+00
5701.000 0.15846E+01
5724.333 0.13628E+01
5747.667 0.11313E+01
5771.000 0.89120E+00
5771.000 0.89120E+00
5796.000 0.69363E+00
5821.000 0.48248E+00
5846.000 0.25823E+00
5871.000 0.21488E-01
5896.000 -0.22693E+00
5921.000 -0.48605E+00
5946.000 -0.75467E+00
5971.000 -0.10314E+01
5971.000 -0.71330E+00
5993.500 -0.10315E+01
6016.000 -0.13477E+01
6038.500 -0.16598E+01
6061.000 -0.19657E+01
6083.500 -0.22632E+01
6106.000 -0.25503E+01
6128.500 -0.28248E+01
6151.000 -0.30848E+01
6151.000 -0.29067E+01
6174.333 -0.32102E+01
6197.667 -0.34917E+01
6221.000 -0.37486E+01
6244.333 -0.39786E+01
6267.667 -0.41795E+01
6291.000 -0.43495E+01
6291.000 -0.43532E+01
6309.543 -0.44617E+01
6328.086 -0.45498E+01
6346.629 -0.46168E+01
6346.629 -0.39587E+01
6351.314 -0.39716E+01
6356.000 -0.39829E+01
6356.000 -0.35700E+01
6362.000 -0.35832E+01
6368.000 -0.35931E+01
6368.000 -0.36160E+00
6369.500 -0.36162E+00
6371.000 -0.36150E+00
