0.000 0.00000E+00
22.620 -0.30195E-07
45.240 -0.12078E-06
67.861 -0.27174E-06
90.481 -0.48306E-06
113.101 -0.75473E-06
135.721 -0.10867E-05
158.341 -0.14790E-05
180.962 -0.19315E-05
203.582 -0.24442E-05
226.202 -0.30170E-05
248.822 -0.36499E-05
271.442 -0.43428E-05
294.063 -0.50957E-05
316.683 -0.59085E-05
339.303 -0.67810E-05
361.923 -0.77132E-05
384.543 -0.87051E-05
407.164 -0.97564E-05
429.784 -0.10867E-04
452.404 -0.12037E-04
475.024 -0.13266E-04
497.644 -0.14554E-04
520.265 -0.15902E-04
542.885 -0.17307E-04
565.505 -0.18772E-04
588.125 -0.20295E-04
610.745 -0.21876E-04
633.366 -0.23515E-04
655.986 -0.25213E-04
678.606 -0.26968E-04
701.226 -0.28781E-04
723.846 -0.30651E-04
746.467 -0.32578E-04
769.087 -0.34563E-04
791.707 -0.36604E-04
814.327 -0.38702E-04
836.947 -0.40856E-04
859.568 -0.43066E-04
882.188 -0.45333E-04
904.808 -0.47655E-04
927.428 -0.50032E-04
950.048 -0.52465E-04
972.669 -0.54953E-04
995.289 -0.57495E-04
1017.909 -0.60092E-04
1040.529 -0.62743E-04
1063.149 -0.65448E-04
1085.770 -0.68206E-04
1108.390 -0.71018E-04
1131.010 -0.73883E-04
1153.630 -0.76800E-04
1176.250 -0.79770E-04
1198.871 -0.82792E-04
1221.491 -0.80215E-04
1221.491 -0.86529E-04
1264.103 -0.95936E-04
1306.716 -0.10962E-03
1349.328 -0.13060E-03
1391.941 -0.16413E-03
1434.554 -0.21889E-03
1477.166 -0.30875E-03
1519.779 -0.45519E-03
1562.391 -0.69048E-03
1605.004 -0.10617E-02
1647.617 -0.16357E-02
1690.229 -0.25044E-02
1732.842 -0.37899E-02
1775.454 -0.56498E-02
1818.067 -0.82793E-02
1860.679 -0.11910E-01
1903.292 -0.16803E-01
1945.905 -0.23235E-01
1988.517 -0.31469E-01
2031.130 -0.41718E-01
2073.742 -0.54092E-01
2116.355 -0.68531E-01
2158.968 -0.84728E-01
2201.580 -0.10205E+00
2244.193 -0.11945E+00
2286.805 -0.13543E+00
2329.418 -0.14801E+00
2372.031 -0.15475E+00
2414.643 -0.15288E+00
2457.256 -0.13950E+00
2499.868 -0.11187E+00
2542.481 -0.67791E-01
2585.094 -0.61295E-02
2627.706 0.72717E-01
2670.319 0.16632E+00
2712.931 0.26984E+00
2755.544 0.37588E+00
2798.156 0.47460E+00
2840.769 0.55427E+00
2883.382 0.60222E+00
2925.994 0.60628E+00
2968.607 0.55658E+00
3011.219 0.44749E+00
3053.832 0.27961E+00
3096.444 0.61247E-01
3139.057 -0.19078E+00
3181.670 -0.45156E+00
3224.282 -0.68987E+00
3266.895 -0.87148E+00
3309.508 -0.96390E+00
3352.120 -0.94194E+00
3394.733 -0.79351E+00
3437.345 -0.52447E+00
3479.958 -0.16140E+00
3479.958 -0.14541E+00
3517.468 -0.16020E-01
3554.979 0.12994E+00
3592.490 0.28071E+00
3630.000 0.42423E+00
3630.000 0.42423E+00
3662.833 0.53591E+00
3695.667 0.62623E+00
3728.500 0.68824E+00
3761.333 0.71618E+00
3794.167 0.70575E+00
3827.000 0.65444E+00
3859.833 0.56189E+00
3892.667 0.43016E+00
3925.500 0.26410E+00
3958.333 0.71491E-01
3991.167 -0.13696E+00
4024.000 -0.34789E+00
4056.833 -0.54587E+00
4089.667 -0.71441E+00
4122.500 -0.83726E+00
4155.333 -0.89997E+00
4188.167 -0.89160E+00
4221.000 -0.80632E+00
4253.833 -0.64474E+00
4286.667 -0.41470E+00
4319.500 -0.13141E+00
4352.333 0.18333E+00
4385.167 0.50260E+00
4418.000 0.79673E+00
4450.833 0.10361E+01
4483.667 0.11944E+01
4516.500 0.12511E+01
4549.333 0.11949E+01
4582.167 0.10244E+01
4615.000 0.74938E+00
4647.833 0.39012E+00
4680.667 -0.24444E-01
4713.500 -0.45933E+00
4746.333 -0.87686E+00
4779.167 -0.12403E+01
4812.000 -0.15174E+01
4844.833 -0.16832E+01
4877.667 -0.17225E+01
4910.500 -0.16303E+01
4943.333 -0.14127E+01
4976.167 -0.10854E+01
5009.000 -0.67218E+00
5041.833 -0.20311E+00
5074.667 0.28811E+00
5107.500 0.76633E+00
5140.333 0.11972E+01
5173.167 0.15491E+01
5206.000 0.17953E+01
5238.833 0.19155E+01
5271.667 0.18976E+01
5304.500 0.17392E+01
5337.333 0.14488E+01
5370.167 0.10464E+01
5403.000 0.56290E+00
5435.833 0.38847E-01
5468.667 -0.47901E+00
5501.500 -0.94196E+00
5534.333 -0.13049E+01
5567.167 -0.15321E+01
5600.000 -0.16031E+01
5600.000 -0.16031E+01
5625.250 -0.15394E+01
5650.500 -0.13795E+01
5675.750 -0.11384E+01
5701.000 -0.83961E+00
5701.000 -0.38257E+00
5724.333 -0.72717E-01
5747.667 0.16902E+00
5771.000 0.31662E+00
5771.000 0.31662E+00
5796.000 0.40905E+00
5821.000 0.36796E+00
5846.000 0.20112E+00
5871.000 -0.59530E-01
5896.000 -0.35938E+00
5921.000 -0.62729E+00
5946.000 -0.78617E+00
5971.000 -0.76709E+00
5971.000 -0.54035E+00
5993.500 -0.36977E+00
6016.000 -0.25604E-01
6038.500 0.46231E+00
6061.000 0.10364E+01
6083.500 0.16189E+01
6106.000 0.21230E+01
6128.500 0.24660E+01
6151.000 0.25823E+01
6151.000 0.32675E+01
6174.333 0.29720E+01
6197.667 0.22983E+01
6221.000 0.13235E+01
6244.333 0.16948E+00
6267.667 -0.10187E+01
6291.000 -0.20966E+01
6291.000 -0.21139E+01
6309.543 -0.27935E+01
6328.086 -0.32877E+01
6346.629 -0.35733E+01
6346.629 -0.30385E+01
6351.314 -0.30928E+01
6356.000 -0.31312E+01
6356.000 -0.27954E+01
6362.000 -0.28399E+01
6368.000 -0.28517E+01
6368.000 -0.10007E+01
6369.500 -0.10146E+01
6371.000 -0.10189E+01
