0.000 0.00000E+00
22.620 -0.11382E-05
45.240 -0.45529E-05
67.861 -0.10244E-04
90.481 -0.18210E-04
113.101 -0.28450E-04
135.721 -0.40965E-04
158.341 -0.55751E-04
180.962 -0.72809E-04
203.582 -0.92135E-04
226.202 -0.11373E-03
248.822 -0.13759E-03
271.442 -0.16371E-03
294.063 -0.19209E-03
316.683 -0.22273E-03
339.303 -0.25562E-03
361.923 -0.29076E-03
384.543 -0.32815E-03
407.164 -0.36778E-03
429.784 -0.40965E-03
452.404 -0.45375E-03
475.024 -0.50009E-03
497.644 -0.54865E-03
520.265 -0.59943E-03
542.885 -0.65242E-03
565.505 -0.70763E-03
588.125 -0.76503E-03
610.745 -0.82464E-03
633.366 -0.88644E-03
655.986 -0.95042E-03
678.606 -0.10166E-02
701.226 -0.10849E-02
723.846 -0.11554E-02
746.467 -0.12281E-02
769.087 -0.13029E-02
791.707 -0.13798E-02
814.327 -0.14589E-02
836.947 -0.15401E-02
859.568 -0.16234E-02
882.188 -0.17089E-02
904.808 -0.17964E-02
927.428 -0.18860E-02
950.048 -0.19777E-02
972.669 -0.20715E-02
995.289 -0.21673E-02
1017.909 -0.22652E-02
1040.529 -0.23652E-02
1063.149 -0.24671E-02
1085.770 -0.25711E-02
1108.390 -0.26771E-02
1131.010 -0.27851E-02
1153.630 -0.28951E-02
1176.250 -0.30070E-02
1198.871 -0.31209E-02
1221.491 -0.32368E-02
1221.491 -0.30853E-02
1264.103 -0.32983E-02
1306.716 -0.35178E-02
1349.328 -0.37437E-02
1391.941 -0.39760E-02
1434.554 -0.42145E-02
1477.166 -0.44592E-02
1519.779 -0.47100E-02
1562.391 -0.49667E-02
1605.004 -0.52293E-02
1647.617 -0.54977E-02
1690.229 -0.57717E-02
1732.842 -0.60514E-02
1775.454 -0.63364E-02
1818.067 -0.66268E-02
1860.679 -0.69224E-02
1903.292 -0.72231E-02
1945.905 -0.75287E-02
1988.517 -0.78391E-02
2031.130 -0.81543E-02
2073.742 -0.84739E-02
2116.355 -0.87980E-02
2158.968 -0.91263E-02
2201.580 -0.94587E-02
2244.193 -0.97951E-02
2286.805 -0.10135E-01
2329.418 -0.10479E-01
2372.031 -0.10826E-01
2414.643 -0.11177E-01
2457.256 -0.11530E-01
2499.868 -0.11886E-01
2542.481 -0.12246E-01
2585.094 -0.12607E-01
2627.706 -0.12971E-01
2670.319 -0.13337E-01
2712.931 -0.13705E-01
2755.544 -0.14075E-01
2798.156 -0.14446E-01
2840.769 -0.14818E-01
2883.382 -0.15192E-01
2925.994 -0.15566E-01
2968.607 -0.15941E-01
3011.219 -0.16316E-01
3053.832 -0.16691E-01
3096.444 -0.17066E-01
3139.057 -0.17440E-01
3181.670 -0.17814E-01
3224.282 -0.18186E-01
3266.895 -0.18557E-01
3309.508 -0.18927E-01
3352.120 -0.19295E-01
3394.733 -0.19661E-01
3437.345 -0.20024E-01
3479.958 -0.20385E-01
3479.958 -0.11456E-01
3517.468 -0.11665E-01
3554.979 -0.11875E-01
3592.490 -0.12085E-01
3630.000 -0.12296E-01
3630.000 -0.12296E-01
3662.833 -0.12481E-01
3695.667 -0.12666E-01
3728.500 -0.12851E-01
3761.333 -0.13036E-01
3794.167 -0.13220E-01
3827.000 -0.13403E-01
3859.833 -0.13584E-01
3892.667 -0.13762E-01
3925.500 -0.13937E-01
3958.333 -0.14105E-01
3991.167 -0.14266E-01
4024.000 -0.14417E-01
4056.833 -0.14553E-01
4089.667 -0.14670E-01
4122.500 -0.14762E-01
4155.333 -0.14821E-01
4188.167 -0.14836E-01
4221.000 -0.14794E-01
4253.833 -0.14678E-01
4286.667 -0.14467E-01
4319.500 -0.14132E-01
4352.333 -0.13639E-01
4385.167 -0.12945E-01
4418.000 -0.11996E-01
4450.833 -0.10723E-01
4483.667 -0.90441E-02
4516.500 -0.68562E-02
4549.333 -0.40338E-02
4582.167 -0.42431E-03
4615.000 0.41572E-02
4647.833 0.99333E-02
4680.667 0.17170E-01
4713.500 0.26183E-01
4746.333 0.37347E-01
4779.167 0.51100E-01
4812.000 0.67951E-01
4844.833 0.88490E-01
4877.667 0.11339E+00
4910.500 0.14342E+00
4943.333 0.17944E+00
4976.167 0.22241E+00
5009.000 0.27337E+00
5041.833 0.33345E+00
5074.667 0.40388E+00
5107.500 0.48588E+00
5140.333 0.58074E+00
5173.167 0.68970E+00
5206.000 0.81391E+00
5238.833 0.95437E+00
5271.667 0.11118E+01
5304.500 0.12867E+01
5337.333 0.14788E+01
5370.167 0.16874E+01
5403.000 0.19109E+01
5435.833 0.21468E+01
5468.667 0.23912E+01
5501.500 0.26389E+01
5534.333 0.28831E+01
5567.167 0.31151E+01
5600.000 0.33243E+01
5600.000 0.33243E+01
5625.250 0.35053E+01
5650.500 0.36605E+01
5675.750 0.37815E+01
5701.000 0.38591E+01
5701.000 0.51797E+01
5724.333 0.51268E+01
5747.667 0.50281E+01
5771.000 0.48712E+01
5771.000 0.48712E+01
5796.000 0.47965E+01
5821.000 0.46371E+01
5846.000 0.43827E+01
5871.000 0.40240E+01
5896.000 0.35536E+01
5921.000 0.29663E+01
5946.000 0.22603E+01
5971.000 0.14371E+01
5971.000 0.26165E+01
5993.500 0.15512E+01
6016.000 0.41040E+00
6038.500 -0.79296E+00
6061.000 -0.20406E+01
6083.500 -0.33092E+01
6106.000 -0.45710E+01
6128.500 -0.57933E+01
6151.000 -0.69397E+01
6151.000 -0.58789E+01
6174.333 -0.73489E+01
6197.667 -0.86317E+01
6221.000 -0.96656E+01
6244.333 -0.10386E+02
6267.667 -0.10725E+02
6291.000 -0.10613E+02
6291.000 -0.10502E+02
6309.543 -0.10003E+02
6328.086 -0.91253E+01
6346.629 -0.78268E+01
6346.629 -0.93692E+01
6351.314 -0.92393E+01
6356.000 -0.90942E+01
6356.000 -0.10044E+02
6362.000 -0.99882E+01
6368.000 -0.99111E+01
6368.000 -0.36847E+01
6369.500 -0.36961E+01
6371.000 -0.37013E+01
