0.000 0.00000E+00
22.620 -0.34418E-05
45.240 -0.13767E-04
67.861 -0.30974E-04
90.481 -0.55062E-04
113.101 -0.86027E-04
135.721 -0.12387E-03
158.341 -0.16858E-03
180.962 -0.22016E-03
203.582 -0.27860E-03
226.202 -0.34389E-03
248.822 -0.41603E-03
271.442 -0.49502E-03
294.063 -0.58083E-03
316.683 -0.67347E-03
339.303 -0.77293E-03
361.923 -0.87919E-03
384.543 -0.99224E-03
407.164 -0.11121E-02
429.784 -0.12387E-02
452.404 -0.13720E-02
475.024 -0.15121E-02
497.644 -0.16590E-02
520.265 -0.18125E-02
542.885 -0.19728E-02
565.505 -0.21397E-02
588.125 -0.23133E-02
610.745 -0.24935E-02
633.366 -0.26804E-02
655.986 -0.28739E-02
678.606 -0.30739E-02
701.226 -0.32805E-02
723.846 -0.34937E-02
746.467 -0.37134E-02
769.087 -0.39396E-02
791.707 -0.41723E-02
814.327 -0.44114E-02
836.947 -0.46570E-02
859.568 -0.49089E-02
882.188 -0.51672E-02
904.808 -0.54319E-02
927.428 -0.57029E-02
950.048 -0.59802E-02
972.669 -0.62638E-02
995.289 -0.65536E-02
1017.909 -0.68496E-02
1040.529 -0.71517E-02
1063.149 -0.74600E-02
1085.770 -0.77745E-02
1108.390 -0.80949E-02
1131.010 -0.84215E-02
1153.630 -0.87540E-02
1176.250 -0.90925E-02
1198.871 -0.94369E-02
1221.491 -0.97873E-02
1221.491 -0.93293E-02
1264.103 -0.99733E-02
1306.716 -0.10637E-01
1349.328 -0.11320E-01
1391.941 -0.12023E-01
1434.554 -0.12744E-01
1477.166 -0.13484E-01
1519.779 -0.14242E-01
1562.391 -0.15018E-01
1605.004 -0.15812E-01
1647.617 -0.16624E-01
1690.229 -0.17452E-01
1732.842 -0.18298E-01
1775.454 -0.19160E-01
1818.067 -0.20038E-01
1860.679 -0.20932E-01
1903.292 -0.21841E-01
1945.905 -0.22765E-01
1988.517 -0.23704E-01
2031.130 -0.24657E-01
2073.742 -0.25623E-01
2116.355 -0.26603E-01
2158.968 -0.27598E-01
2201.580 -0.28604E-01
2244.193 -0.29623E-01
2286.805 -0.30654E-01
2329.418 -0.31697E-01
2372.031 -0.32752E-01
2414.643 -0.33820E-01
2457.256 -0.34901E-01
2499.868 -0.35997E-01
2542.481 -0.37109E-01
2585.094 -0.38240E-01
2627.706 -0.39394E-01
2670.319 -0.40577E-01
2712.931 -0.41798E-01
2755.544 -0.43067E-01
2798.156 -0.44400E-01
2840.769 -0.45819E-01
2883.382 -0.47351E-01
2925.994 -0.49034E-01
2968.607 -0.50919E-01
3011.219 -0.53070E-01
3053.832 -0.55575E-01
3096.444 -0.58544E-01
3139.057 -0.62121E-01
3181.670 -0.66490E-01
3224.282 -0.71887E-01
3266.895 -0.78609E-01
3309.508 -0.87031E-01
3352.120 -0.97622E-01
3394.733 -0.11097E+00
3437.345 -0.12779E+00
3479.958 -0.14897E+00
3479.958 0.76463E-01
3517.468 0.36909E-01
3554.979 0.21501E-01
3592.490 0.19820E-01
3630.000 0.25667E-01
3630.000 0.25667E-01
3662.833 0.34327E-01
3695.667 0.44839E-01
3728.500 0.56481E-01
3761.333 0.68944E-01
3794.167 0.82180E-01
3827.000 0.96297E-01
3859.833 0.11149E+00
3892.667 0.12802E+00
3925.500 0.14615E+00
3958.333 0.16617E+00
3991.167 0.18836E+00
4024.000 0.21299E+00
4056.833 0.24032E+00
4089.667 0.27062E+00
4122.500 0.30412E+00
4155.333 0.34105E+00
4188.167 0.38163E+00
4221.000 0.42604E+00
4253.833 0.47446E+00
4286.667 0.52704E+00
4319.500 0.58390E+00
4352.333 0.64513E+00
4385.167 0.71078E+00
4418.000 0.78086E+00
4450.833 0.85532E+00
4483.667 0.93406E+00
4516.500 0.10169E+01
4549.333 0.11037E+01
4582.167 0.11940E+01
4615.000 0.12875E+01
4647.833 0.13836E+01
4680.667 0.14819E+01
4713.500 0.15815E+01
4746.333 0.16817E+01
4779.167 0.17815E+01
4812.000 0.18799E+01
4844.833 0.19757E+01
4877.667 0.20676E+01
4910.500 0.21542E+01
4943.333 0.22340E+01
4976.167 0.23053E+01
5009.000 0.23663E+01
5041.833 0.24153E+01
5074.667 0.24504E+01
5107.500 0.24696E+01
5140.333 0.24709E+01
5173.167 0.24525E+01
5206.000 0.24123E+01
5238.833 0.23487E+01
5271.667 0.22600E+01
5304.500 0.21446E+01
5337.333 0.20013E+01
5370.167 0.18293E+01
5403.000 0.16278E+01
5435.833 0.13969E+01
5468.667 0.11369E+01
5501.500 0.84867E+00
5534.333 0.53394E+00
5567.167 0.19502E+00
5600.000 -0.16492E+00
5600.000 -0.16491E+00
5625.250 -0.41213E+00
5650.500 -0.67258E+00
5675.750 -0.94459E+00
5701.000 -0.12261E+01
5701.000 -0.63091E-01
5724.333 -0.42955E+00
5747.667 -0.79741E+00
5771.000 -0.11643E+01
5771.000 -0.11643E+01
5796.000 -0.14475E+01
5821.000 -0.17343E+01
5846.000 -0.20226E+01
5871.000 -0.23100E+01
5896.000 -0.25942E+01
5921.000 -0.28728E+01
5946.000 -0.31433E+01
5971.000 -0.34033E+01
5971.000 -0.29608E+01
5993.500 -0.32604E+01
6016.000 -0.35370E+01
6038.500 -0.37883E+01
6061.000 -0.40121E+01
6083.500 -0.42062E+01
6106.000 -0.43686E+01
6128.500 -0.44978E+01
6151.000 -0.45923E+01
6151.000 -0.46724E+01
6174.333 -0.48197E+01
6197.667 -0.49089E+01
6221.000 -0.49378E+01
6244.333 -0.49047E+01
6267.667 -0.48084E+01
6291.000 -0.46482E+01
6291.000 -0.45198E+01
6309.543 -0.43371E+01
6328.086 -0.41128E+01
6346.629 -0.38468E+01
6346.629 -0.48456E+01
6351.314 -0.48357E+01
6356.000 -0.48242E+01
6356.000 -0.53296E+01
6362.000 -0.53398E+01
6368.000 -0.53463E+01
6368.000 -0.16331E+01
6369.500 -0.16351E+01
6371.000 -0.16361E+01
