0.000 0.00000E+00
22.620 0.20686E-07
45.240 0.82742E-07
67.861 0.18616E-06
90.481 0.33093E-06
113.101 0.51704E-06
135.721 0.74447E-06
158.341 0.10132E-05
180.962 0.13232E-05
203.582 0.16744E-05
226.202 0.20669E-05
248.822 0.25004E-05
271.442 0.29752E-05
294.063 0.34909E-05
316.683 0.40477E-05
339.303 0.46455E-05
361.923 0.52841E-05
384.543 0.59636E-05
407.164 0.75892E-05
429.784 0.85001E-05
452.404 0.92703E-05
475.024 0.10803E-04
497.644 0.13323E-04
520.265 0.17317E-04
542.885 0.23458E-04
565.505 0.32500E-04
588.125 0.45065E-04
610.745 0.61287E-04
633.366 0.80369E-04
655.986 0.10014E-03
678.606 0.11677E-03
701.226 0.12494E-03
723.846 0.11861E-03
746.467 0.92394E-04
769.087 0.43564E-04
791.707 -0.25946E-04
814.327 -0.10815E-03
836.947 -0.18901E-03
859.568 -0.25048E-03
882.188 -0.27464E-03
904.808 -0.24855E-03
927.428 -0.16847E-03
950.048 -0.44030E-04
972.669 0.10156E-03
995.289 0.23656E-03
1017.909 0.32869E-03
1040.529 0.35440E-03
1063.149 0.30651E-03
1085.770 0.19746E-03
1108.390 0.56373E-04
1131.010 -0.79507E-04
1153.630 -0.17596E-03
1176.250 -0.20742E-03
1198.871 -0.18603E-03
1221.491 -0.11590E-03
1221.491 -0.21951E-03
1264.103 -0.43673E-03
1306.716 -0.85014E-03
1349.328 -0.15801E-02
1391.941 -0.28132E-02
1434.554 -0.48206E-02
1477.166 -0.79783E-02
1519.779 -0.12781E-01
1562.391 -0.19842E-01
1605.004 -0.29874E-01
1647.617 -0.43631E-01
1690.229 -0.61808E-01
1732.842 -0.84874E-01
1775.454 -0.11287E+00
1818.067 -0.14511E+00
1860.679 -0.17995E+00
1903.292 -0.21446E+00
1945.905 -0.24429E+00
1988.517 -0.26365E+00
2031.130 -0.26555E+00
2073.742 -0.24244E+00
2116.355 -0.18714E+00
2158.968 -0.94220E-01
2201.580 0.38399E-01
2244.193 0.20779E+00
2286.805 0.40459E+00
2329.418 0.61221E+00
2372.031 0.80706E+00
2414.643 0.96021E+00
2457.256 0.10405E+01
2499.868 0.10194E+01
2542.481 0.87647E+00
2585.094 0.60543E+00
2627.706 0.21930E+00
2670.319 -0.24698E+00
2712.931 -0.73729E+00
2755.544 -0.11796E+01
2798.156 -0.14958E+01
2840.769 -0.16155E+01
2883.382 -0.14916E+01
2925.994 -0.11146E+01
2968.607 -0.52240E+00
3011.219 0.19854E+00
3053.832 0.92217E+00
3096.444 0.15034E+01
3139.057 0.18071E+01
3181.670 0.17415E+01
3224.282 0.12868E+01
3266.895 0.51227E+00
3309.508 -0.42645E+00
3352.120 -0.13133E+01
3394.733 -0.19193E+01
3437.345 -0.20622E+01
3479.958 -0.16645E+01
3479.958 -0.96755E+00
3517.468 -0.68510E+00
3554.979 -0.32906E+00
3592.490 0.80896E-01
3630.000 0.51353E+00
3630.000 0.51353E+00
3662.833 0.87953E+00
3695.667 0.11909E+01
3728.500 0.14015E+01
3761.333 0.14665E+01
3794.167 0.13533E+01
3827.000 0.10508E+01
3859.833 0.57776E+00
3892.667 -0.14034E-01
3925.500 -0.64389E+00
3958.333 -0.12129E+01
3991.167 -0.16210E+01
4024.000 -0.17864E+01
4056.833 -0.16638E+01
4089.667 -0.12577E+01
4122.500 -0.62522E+00
4155.333 0.13105E+00
4188.167 0.88076E+00
4221.000 0.14906E+01
4253.833 0.18511E+01
4286.667 0.18990E+01
4319.500 0.16306E+01
4352.333 0.11023E+01
4385.167 0.41825E+00
4418.000 -0.29331E+00
4450.833 -0.90738E+00
4483.667 -0.13286E+01
4516.500 -0.15091E+01
4549.333 -0.14543E+01
4582.167 -0.12149E+01
4615.000 -0.86805E+00
4647.833 -0.49411E+00
4680.667 -0.15457E+00
4713.500 0.12135E+00
4746.333 0.33806E+00
4779.167 0.52269E+00
4812.000 0.70590E+00
4844.833 0.90144E+00
4877.667 0.10919E+01
4910.500 0.12267E+01
4943.333 0.12354E+01
4976.167 0.10514E+01
5009.000 0.64188E+00
5041.833 0.31099E-01
5074.667 -0.69049E+00
5107.500 -0.13780E+01
5140.333 -0.18641E+01
5173.167 -0.20045E+01
5206.000 -0.17242E+01
5238.833 -0.10494E+01
5271.667 -0.11490E+00
5304.500 0.86198E+00
5337.333 0.16334E+01
5370.167 0.19889E+01
5403.000 0.18189E+01
5435.833 0.11543E+01
5468.667 0.16746E+00
5501.500 -0.86876E+00
5534.333 -0.16553E+01
5567.167 -0.19541E+01
5600.000 -0.16618E+01
5600.000 -0.16618E+01
5625.250 -0.10641E+01
5650.500 -0.22842E+00
5675.750 0.70544E+00
5701.000 0.15663E+01
5701.000 0.21115E+01
5724.333 0.26894E+01
5747.667 0.27942E+01
5771.000 0.24086E+01
5771.000 0.24086E+01
5796.000 0.15950E+01
5821.000 0.45909E+00
5846.000 -0.74847E+00
5871.000 -0.17521E+01
5896.000 -0.23243E+01
5921.000 -0.23516E+01
5946.000 -0.18729E+01
5971.000 -0.10727E+01
5971.000 -0.88582E+00
5993.500 -0.12612E+00
6016.000 0.40376E+00
6038.500 0.59518E+00
6061.000 0.46661E+00
6083.500 0.15246E+00
6106.000 -0.14644E+00
6128.500 -0.23579E+00
6151.000 -0.10881E-02
6151.000 0.43183E+00
6174.333 0.10044E+01
6197.667 0.16760E+01
6221.000 0.21405E+01
6244.333 0.21056E+01
6267.667 0.14231E+01
6291.000 0.17355E+00
6291.000 0.12816E+00
6309.543 -0.10333E+01
6328.086 -0.21307E+01
6346.629 -0.29429E+01
6346.629 -0.24823E+01
6351.314 -0.26566E+01
6356.000 -0.27950E+01
6356.000 -0.24910E+01
6362.000 -0.26576E+01
6368.000 -0.27326E+01
6368.000 -0.33616E+00
6369.500 -0.34330E+00
6371.000 -0.34559E+00
