0.000 0.00000E+00
22.620 -0.10432E-05
45.240 -0.41727E-05
67.861 -0.93881E-05
90.481 -0.16689E-04
113.101 -0.26074E-04
135.721 -0.37544E-04
158.341 -0.51096E-04
180.962 -0.66728E-04
203.582 -0.84441E-04
226.202 -0.10423E-03
248.822 -0.12610E-03
271.442 -0.15004E-03
294.063 -0.17605E-03
316.683 -0.20413E-03
339.303 -0.23427E-03
361.923 -0.26648E-03
384.543 -0.30074E-03
407.164 -0.33706E-03
429.784 -0.37544E-03
452.404 -0.41586E-03
475.024 -0.45832E-03
497.644 -0.50283E-03
520.265 -0.54937E-03
542.885 -0.59794E-03
565.505 -0.64853E-03
588.125 -0.70115E-03
610.745 -0.75577E-03
633.366 -0.81241E-03
655.986 -0.87105E-03
678.606 -0.93169E-03
701.226 -0.99431E-03
723.846 -0.10589E-02
746.467 -0.11255E-02
769.087 -0.11941E-02
791.707 -0.12646E-02
814.327 -0.13371E-02
836.947 -0.14115E-02
859.568 -0.14879E-02
882.188 -0.15662E-02
904.808 -0.16464E-02
927.428 -0.17285E-02
950.048 -0.18126E-02
972.669 -0.18985E-02
995.289 -0.19864E-02
1017.909 -0.20761E-02
1040.529 -0.21677E-02
1063.149 -0.22611E-02
1085.770 -0.23564E-02
1108.390 -0.24535E-02
1131.010 -0.25525E-02
1153.630 -0.26533E-02
1176.250 -0.27559E-02
1198.871 -0.28603E-02
1221.491 -0.29665E-02
1221.491 -0.28277E-02
1264.103 -0.30229E-02
1306.716 -0.32240E-02
1349.328 -0.34311E-02
1391.941 -0.36440E-02
1434.554 -0.38626E-02
1477.166 -0.40868E-02
1519.779 -0.43166E-02
1562.391 -0.45519E-02
1605.004 -0.47926E-02
1647.617 -0.50386E-02
1690.229 -0.52897E-02
1732.842 -0.55460E-02
1775.454 -0.58073E-02
1818.067 -0.60734E-02
1860.679 -0.63443E-02
1903.292 -0.66199E-02
1945.905 -0.69000E-02
1988.517 -0.71845E-02
2031.130 -0.74733E-02
2073.742 -0.77663E-02
2116.355 -0.80633E-02
2158.968 -0.83642E-02
2201.580 -0.86688E-02
2244.193 -0.89771E-02
2286.805 -0.92888E-02
2329.418 -0.96038E-02
2372.031 -0.99220E-02
2414.643 -0.10243E-01
2457.256 -0.10567E-01
2499.868 -0.10894E-01
2542.481 -0.11223E-01
2585.094 -0.11554E-01
2627.706 -0.11888E-01
2670.319 -0.12223E-01
2712.931 -0.12561E-01
2755.544 -0.12900E-01
2798.156 -0.13240E-01
2840.769 -0.13581E-01
2883.382 -0.13923E-01
2925.994 -0.14266E-01
2968.607 -0.14609E-01
3011.219 -0.14953E-01
3053.832 -0.15297E-01
3096.444 -0.15640E-01
3139.057 -0.15983E-01
3181.670 -0.16326E-01
3224.282 -0.16667E-01
3266.895 -0.17008E-01
3309.508 -0.17347E-01
3352.120 -0.17684E-01
3394.733 -0.18019E-01
3437.345 -0.18352E-01
3479.958 -0.18682E-01
3479.958 -0.10500E-01
3517.468 -0.10692E-01
3554.979 -0.10884E-01
3592.490 -0.11077E-01
3630.000 -0.11270E-01
3630.000 -0.11270E-01
3662.833 -0.11441E-01
3695.667 -0.11611E-01
3728.500 -0.11782E-01
3761.333 -0.11953E-01
3794.167 -0.12124E-01
3827.000 -0.12294E-01
3859.833 -0.12464E-01
3892.667 -0.12633E-01
3925.500 -0.12800E-01
3958.333 -0.12964E-01
3991.167 -0.13124E-01
4024.000 -0.13278E-01
4056.833 -0.13425E-01
4089.667 -0.13562E-01
4122.500 -0.13684E-01
4155.333 -0.13787E-01
4188.167 -0.13864E-01
4221.000 -0.13907E-01
4253.833 -0.13906E-01
4286.667 -0.13845E-01
4319.500 -0.13707E-01
4352.333 -0.13469E-01
4385.167 -0.13100E-01
4418.000 -0.12564E-01
4450.833 -0.11812E-01
4483.667 -0.10784E-01
4516.500 -0.94059E-02
4549.333 -0.75846E-02
4582.167 -0.52046E-02
4615.000 -0.21241E-02
4647.833 0.18303E-02
4680.667 0.68698E-02
4713.500 0.13250E-01
4746.333 0.21277E-01
4779.167 0.31318E-01
4812.000 0.43807E-01
4844.833 0.59256E-01
4877.667 0.78261E-01
4910.500 0.10152E+00
4943.333 0.12981E+00
4976.167 0.16405E+00
5009.000 0.20525E+00
5041.833 0.25453E+00
5074.667 0.31313E+00
5107.500 0.38236E+00
5140.333 0.46363E+00
5173.167 0.55838E+00
5206.000 0.66803E+00
5238.833 0.79394E+00
5271.667 0.93734E+00
5304.500 0.10992E+01
5337.333 0.12800E+01
5370.167 0.14800E+01
5403.000 0.16983E+01
5435.833 0.19334E+01
5468.667 0.21825E+01
5501.500 0.24415E+01
5534.333 0.27045E+01
5567.167 0.29639E+01
5600.000 0.32097E+01
5600.000 0.32097E+01
5625.250 0.34221E+01
5650.500 0.36149E+01
5675.750 0.37794E+01
5701.000 0.39059E+01
5701.000 0.51568E+01
5724.333 0.51612E+01
5747.667 0.51238E+01
5771.000 0.50305E+01
5771.000 0.50305E+01
5796.000 0.50195E+01
5821.000 0.49245E+01
5846.000 0.47329E+01
5871.000 0.44333E+01
5896.000 0.40156E+01
5921.000 0.34721E+01
5946.000 0.27980E+01
5971.000 0.19925E+01
5971.000 0.31938E+01
5993.500 0.21272E+01
6016.000 0.96884E+00
6038.500 -0.26926E+00
6061.000 -0.15690E+01
6083.500 -0.29064E+01
6106.000 -0.42520E+01
6128.500 -0.55707E+01
6151.000 -0.68224E+01
6151.000 -0.56597E+01
6174.333 -0.72656E+01
6197.667 -0.86849E+01
6221.000 -0.98475E+01
6244.333 -0.10678E+02
6267.667 -0.11098E+02
6291.000 -0.11023E+02
6291.000 -0.10916E+02
6309.543 -0.10401E+02
6328.086 -0.94597E+01
6346.629 -0.80400E+01
6346.629 -0.96480E+01
6351.314 -0.95014E+01
6356.000 -0.93374E+01
6356.000 -0.10344E+02
6362.000 -0.10277E+02
6368.000 -0.10186E+02
6368.000 -0.38297E+01
6369.500 -0.38422E+01
6371.000 -0.38479E+01
