# 502.41437   4.99701   6.37405
#   1.99039 315.16544
   0.000  0.00000E+00  0.00000E+00  0.00000E+00
  22.620  0.00000E+00  0.00000E+00 -0.34418E-05
  45.240  0.00000E+00  0.00000E+00 -0.13767E-04
  67.861  0.00000E+00  0.00000E+00 -0.30974E-04
  90.481  0.00000E+00  0.00000E+00 -0.55062E-04
 113.101  0.00000E+00  0.00000E+00 -0.86027E-04
 135.721  0.00000E+00  0.00000E+00 -0.12387E-03
 158.341  0.00000E+00  0.00000E+00 -0.16858E-03
 180.962  0.00000E+00  0.00000E+00 -0.22016E-03
 203.582  0.00000E+00  0.00000E+00 -0.27860E-03
 226.202  0.00000E+00  0.00000E+00 -0.34389E-03
 248.822  0.00000E+00  0.00000E+00 -0.41603E-03
 271.442  0.00000E+00  0.00000E+00 -0.49502E-03
 294.063  0.00000E+00  0.00000E+00 -0.58083E-03
 316.683  0.00000E+00  0.00000E+00 -0.67347E-03
 339.303  0.00000E+00  0.00000E+00 -0.77293E-03
 361.923  0.00000E+00  0.00000E+00 -0.87919E-03
 384.543  0.00000E+00  0.00000E+00 -0.99224E-03
 407.164  0.00000E+00  0.00000E+00 -0.11121E-02
 429.784  0.00000E+00  0.00000E+00 -0.12387E-02
 452.404  0.00000E+00  0.00000E+00 -0.13720E-02
 475.024  0.00000E+00  0.00000E+00 -0.15121E-02
 497.644  0.00000E+00  0.00000E+00 -0.16590E-02
 520.265  0.00000E+00  0.00000E+00 -0.18125E-02
 542.885  0.00000E+00  0.00000E+00 -0.19728E-02
 565.505  0.00000E+00  0.00000E+00 -0.21397E-02
 588.125  0.00000E+00  0.00000E+00 -0.23133E-02
 610.745  0.00000E+00  0.00000E+00 -0.24935E-02
 633.366  0.00000E+00  0.00000E+00 -0.26804E-02
 655.986  0.00000E+00  0.00000E+00 -0.28739E-02
 678.606  0.00000E+00  0.00000E+00 -0.30739E-02
 701.226  0.00000E+00  0.00000E+00 -0.32805E-02
 723.846  0.00000E+00  0.00000E+00 -0.34937E-02
 746.467  0.00000E+00  0.00000E+00 -0.37134E-02
 769.087  0.00000E+00  0.00000E+00 -0.39396E-02
 791.707  0.00000E+00  0.00000E+00 -0.41723E-02
 814.327  0.00000E+00  0.00000E+00 -0.44114E-02
 836.947  0.00000E+00  0.00000E+00 -0.46570E-02
 859.568  0.00000E+00  0.00000E+00 -0.49089E-02
 882.188  0.00000E+00  0.00000E+00 -0.51672E-02
 904.808  0.00000E+00  0.00000E+00 -0.54319E-02
 927.428  0.00000E+00  0.00000E+00 -0.57029E-02
 950.048  0.00000E+00  0.00000E+00 -0.59802E-02
 972.669  0.00000E+00  0.00000E+00 -0.62638E-02
 995.289  0.00000E+00  0.00000E+00 -0.65536E-02
1017.909  0.00000E+00  0.00000E+00 -0.68496E-02
1040.529  0.00000E+00  0.00000E+00 -0.71517E-02
1063.149  0.00000E+00  0.00000E+00 -0.74600E-02
1085.770  0.00000E+00  0.00000E+00 -0.77745E-02
1108.390  0.00000E+00  0.00000E+00 -0.80949E-02
1131.010  0.00000E+00  0.00000E+00 -0.84215E-02
1153.630  0.00000E+00  0.00000E+00 -0.87540E-02
1176.250  0.00000E+00  0.00000E+00 -0.90925E-02
1198.871  0.00000E+00  0.00000E+00 -0.94369E-02
1221.491  0.00000E+00  0.00000E+00 -0.97873E-02
1221.491  0.00000E+00  0.00000E+00 -0.93293E-02
1264.103  0.00000E+00  0.00000E+00 -0.99733E-02
1306.716  0.00000E+00  0.00000E+00 -0.10637E-01
1349.328  0.00000E+00  0.00000E+00 -0.11320E-01
1391.941  0.00000E+00  0.00000E+00 -0.12023E-01
1434.554  0.00000E+00  0.00000E+00 -0.12744E-01
1477.166  0.00000E+00  0.00000E+00 -0.13484E-01
1519.779  0.00000E+00  0.00000E+00 -0.14242E-01
1562.391  0.00000E+00  0.00000E+00 -0.15018E-01
1605.004  0.00000E+00  0.00000E+00 -0.15812E-01
1647.617  0.00000E+00  0.00000E+00 -0.16624E-01
1690.229  0.00000E+00  0.00000E+00 -0.17452E-01
1732.842  0.00000E+00  0.00000E+00 -0.18298E-01
1775.454  0.00000E+00  0.00000E+00 -0.19160E-01
1818.067  0.00000E+00  0.00000E+00 -0.20038E-01
1860.679  0.00000E+00  0.00000E+00 -0.20932E-01
1903.292  0.00000E+00  0.00000E+00 -0.21841E-01
1945.905  0.00000E+00  0.00000E+00 -0.22765E-01
1988.517  0.00000E+00  0.00000E+00 -0.23704E-01
2031.130  0.00000E+00  0.00000E+00 -0.24657E-01
2073.742  0.00000E+00  0.00000E+00 -0.25623E-01
2116.355  0.00000E+00  0.00000E+00 -0.26603E-01
2158.968  0.78059E-07  0.00000E+00 -0.27598E-01
2201.580  0.12679E-06  0.00000E+00 -0.28604E-01
2244.193  0.20548E-06  0.00000E+00 -0.29623E-01
2286.805  0.33140E-06  0.00000E+00 -0.30654E-01
2329.418  0.53117E-06  0.00000E+00 -0.31697E-01
2372.031  0.84547E-06  0.00000E+00 -0.32752E-01
2414.643  0.13357E-05  0.00000E+00 -0.33820E-01
2457.256  0.20946E-05  0.00000E+00 -0.34901E-01
2499.868  0.32600E-05  0.00000E+00 -0.35997E-01
2542.481  0.50363E-05  0.00000E+00 -0.37109E-01
2585.094  0.77252E-05  0.00000E+00 -0.38240E-01
2627.706  0.11765E-04  0.00000E+00 -0.39394E-01
2670.319  0.17796E-04  0.00000E+00 -0.40577E-01
2712.931  0.26740E-04  0.00000E+00 -0.41798E-01
2755.544  0.39916E-04  0.00000E+00 -0.43067E-01
2798.156  0.59211E-04  0.00000E+00 -0.44400E-01
2840.769  0.87299E-04  0.00000E+00 -0.45819E-01
2883.382  0.12794E-03  0.00000E+00 -0.47351E-01
2925.994  0.18643E-03  0.00000E+00 -0.49034E-01
2968.607  0.27012E-03  0.00000E+00 -0.50919E-01
3011.219  0.38925E-03  0.00000E+00 -0.53070E-01
3053.832  0.55793E-03  0.00000E+00 -0.55575E-01
3096.444  0.79558E-03  0.00000E+00 -0.58544E-01
3139.057  0.11287E-02  0.00000E+00 -0.62121E-01
3181.670  0.15935E-02  0.00000E+00 -0.66490E-01
3224.282  0.22388E-02  0.00000E+00 -0.71887E-01
3266.895  0.31307E-02  0.00000E+00 -0.78609E-01
3309.508  0.43579E-02  0.00000E+00 -0.87031E-01
3352.120  0.60391E-02  0.00000E+00 -0.97622E-01
3394.733  0.83321E-02  0.00000E+00 -0.11097E+00
3437.345  0.11447E-01  0.00000E+00 -0.12779E+00
3479.958  0.15660E-01  0.00000E+00 -0.14897E+00
3479.958  0.16005E+00  0.13675E+00  0.76463E-01
3517.468  0.12074E+00  0.95621E-01  0.36909E-01
3554.979  0.90756E-01  0.95035E-01  0.21501E-01
3592.490  0.67837E-01  0.11576E+00  0.19820E-01
3630.000  0.50295E-01  0.14675E+00  0.25667E-01
3630.000  0.50295E-01  0.14675E+00  0.25667E-01
3662.833  0.38373E-01  0.17787E+00  0.34327E-01
3695.667  0.28996E-01  0.21045E+00  0.44839E-01
3728.500  0.21631E-01  0.24360E+00  0.56481E-01
3761.333  0.15861E-01  0.27714E+00  0.68944E-01
3794.167  0.11362E-01  0.31138E+00  0.82180E-01
3827.000  0.78819E-02  0.34686E+00  0.96297E-01
3859.833  0.52231E-02  0.38426E+00  0.11149E+00
3892.667  0.32337E-02  0.42433E+00  0.12802E+00
3925.500  0.17963E-02  0.46784E+00  0.14615E+00
3958.333  0.82133E-03  0.51555E+00  0.16617E+00
3991.167  0.24170E-03  0.56821E+00  0.18836E+00
4024.000  0.84969E-05  0.62655E+00  0.21299E+00
4056.833  0.87757E-04  0.69128E+00  0.24032E+00
4089.667  0.45835E-03  0.76309E+00  0.27062E+00
4122.500  0.11097E-02  0.84263E+00  0.30412E+00
4155.333  0.20409E-02  0.93055E+00  0.34105E+00
4188.167  0.32598E-02  0.10275E+01  0.38163E+00
4221.000  0.47821E-02  0.11340E+01  0.42604E+00
4253.833  0.66312E-02  0.12506E+01  0.47446E+00
4286.667  0.88383E-02  0.13780E+01  0.52704E+00
4319.500  0.11442E-01  0.15165E+01  0.58390E+00
4352.333  0.14491E-01  0.16665E+01  0.64513E+00
4385.167  0.18038E-01  0.18286E+01  0.71078E+00
4418.000  0.22151E-01  0.20029E+01  0.78086E+00
4450.833  0.26902E-01  0.21896E+01  0.85532E+00
4483.667  0.32377E-01  0.23889E+01  0.93406E+00
4516.500  0.38673E-01  0.26007E+01  0.10169E+01
4549.333  0.45899E-01  0.28250E+01  0.11037E+01
4582.167  0.54180E-01  0.30612E+01  0.11940E+01
4615.000  0.63654E-01  0.33091E+01  0.12875E+01
4647.833  0.74475E-01  0.35679E+01  0.13836E+01
4680.667  0.86819E-01  0.38368E+01  0.14819E+01
4713.500  0.10088E+00  0.41146E+01  0.15815E+01
4746.333  0.11687E+00  0.44000E+01  0.16817E+01
4779.167  0.13503E+00  0.46914E+01  0.17815E+01
4812.000  0.15562E+00  0.49870E+01  0.18799E+01
4844.833  0.17894E+00  0.52845E+01  0.19757E+01
4877.667  0.20531E+00  0.55815E+01  0.20676E+01
4910.500  0.23509E+00  0.58753E+01  0.21542E+01
4943.333  0.26865E+00  0.61628E+01  0.22340E+01
4976.167  0.30644E+00  0.64407E+01  0.23053E+01
5009.000  0.34891E+00  0.67055E+01  0.23663E+01
5041.833  0.39657E+00  0.69531E+01  0.24153E+01
5074.667  0.44997E+00  0.71796E+01  0.24504E+01
5107.500  0.50972E+00  0.73807E+01  0.24696E+01
5140.333  0.57645E+00  0.75518E+01  0.24709E+01
5173.167  0.65088E+00  0.76885E+01  0.24525E+01
5206.000  0.73374E+00  0.77862E+01  0.24123E+01
5238.833  0.82586E+00  0.78404E+01  0.23487E+01
5271.667  0.92809E+00  0.78467E+01  0.22600E+01
5304.500  0.10414E+01  0.78010E+01  0.21446E+01
5337.333  0.11667E+01  0.76994E+01  0.20013E+01
5370.167  0.13050E+01  0.75389E+01  0.18293E+01
5403.000  0.14575E+01  0.73166E+01  0.16278E+01
5435.833  0.16254E+01  0.70308E+01  0.13969E+01
5468.667  0.18098E+01  0.66805E+01  0.11369E+01
5501.500  0.20120E+01  0.62661E+01  0.84867E+00
5534.333  0.22334E+01  0.57891E+01  0.53394E+00
5567.167  0.24752E+01  0.52526E+01  0.19502E+00
5600.000  0.27390E+01  0.46615E+01 -0.16492E+00
5600.000  0.27390E+01  0.46615E+01 -0.16491E+00
5625.250  0.29690E+01  0.42463E+01 -0.41213E+00
5650.500  0.31988E+01  0.38119E+01 -0.67258E+00
5675.750  0.34272E+01  0.33625E+01 -0.94459E+00
5701.000  0.36527E+01  0.29033E+01 -0.12261E+01
5701.000  0.41806E+01  0.39024E+01 -0.63091E-01
5724.333  0.42805E+01  0.34116E+01 -0.42955E+00
5747.667  0.43884E+01  0.29158E+01 -0.79741E+00
5771.000  0.45042E+01  0.24193E+01 -0.11643E+01
5771.000  0.45042E+01  0.24193E+01 -0.11643E+01
5796.000  0.46984E+01  0.19840E+01 -0.14475E+01
5821.000  0.48856E+01  0.15557E+01 -0.17343E+01
5846.000  0.50641E+01  0.11404E+01 -0.20226E+01
5871.000  0.52319E+01  0.74480E+00 -0.23100E+01
5896.000  0.53871E+01  0.37561E+00 -0.25942E+01
5921.000  0.55275E+01  0.39907E-01 -0.28728E+01
5946.000  0.56509E+01 -0.25518E+00 -0.31433E+01
5971.000  0.57552E+01 -0.50253E+00 -0.34033E+01
5971.000  0.58645E+01 -0.31149E+00 -0.29608E+01
5993.500  0.58914E+01 -0.54949E+00 -0.32604E+01
6016.000  0.59192E+01 -0.73558E+00 -0.35370E+01
6038.500  0.59472E+01 -0.86386E+00 -0.37883E+01
6061.000  0.59747E+01 -0.92848E+00 -0.40121E+01
6083.500  0.60012E+01 -0.92374E+00 -0.42062E+01
6106.000  0.60260E+01 -0.84421E+00 -0.43686E+01
6128.500  0.60484E+01 -0.68481E+00 -0.44978E+01
6151.000  0.60678E+01 -0.44093E+00 -0.45923E+01
6151.000  0.60165E+01 -0.87853E+00 -0.46724E+01
6174.333  0.59355E+01 -0.51472E+00 -0.48197E+01
6197.667  0.58885E+01 -0.61637E-01 -0.49089E+01
6221.000  0.58800E+01  0.48205E+00 -0.49378E+01
6244.333  0.59145E+01  0.11167E+01 -0.49047E+01
6267.667  0.59970E+01  0.18418E+01 -0.48084E+01
6291.000  0.61322E+01  0.26559E+01 -0.46482E+01
6291.000  0.64823E+01  0.25626E+01 -0.45198E+01
6309.543  0.66605E+01  0.32744E+01 -0.43371E+01
6328.086  0.68800E+01  0.40421E+01 -0.41128E+01
6346.629  0.71431E+01  0.48641E+01 -0.38468E+01
6346.629  0.45000E+01  0.27081E+01 -0.48456E+01
6351.314  0.44699E+01  0.28907E+01 -0.48357E+01
6356.000  0.44397E+01  0.30760E+01 -0.48242E+01
6356.000  0.25891E+01  0.21402E+01 -0.53296E+01
6362.000  0.25232E+01  0.23289E+01 -0.53398E+01
6368.000  0.24575E+01  0.25204E+01 -0.53463E+01
6368.000  0.22437E-02  0.00000E+00 -0.16331E+01
6369.500  0.56100E-03  0.00000E+00 -0.16351E+01
6371.000  0.00000E+00  0.00000E+00 -0.16361E+01
