# 391.37524   8.40150   8.18246
#   2.55509 365.23297
   0.000  0.00000E+00  0.00000E+00  0.00000E+00
  22.620  0.00000E+00  0.00000E+00  0.16961E-04
  45.240  0.00000E+00  0.00000E+00  0.67842E-04
  67.861  0.00000E+00  0.00000E+00  0.15264E-03
  90.481  0.00000E+00  0.00000E+00  0.27134E-03
 113.101  0.00000E+00  0.00000E+00  0.42394E-03
 135.721  0.00000E+00  0.00000E+00  0.61041E-03
 158.341  0.00000E+00  0.00000E+00  0.83074E-03
 180.962  0.00000E+00  0.00000E+00  0.10849E-02
 203.582  0.00000E+00  0.00000E+00  0.13729E-02
 226.202  0.00000E+00  0.00000E+00  0.16947E-02
 248.822  0.00000E+00  0.00000E+00  0.20502E-02
 271.442  0.00000E+00  0.00000E+00  0.24394E-02
 294.063  0.00000E+00  0.00000E+00  0.28623E-02
 316.683  0.00000E+00  0.00000E+00  0.33188E-02
 339.303  0.00000E+00  0.00000E+00  0.38089E-02
 361.923  0.00000E+00  0.00000E+00  0.43326E-02
 384.543  0.00000E+00  0.00000E+00  0.48897E-02
 407.164  0.00000E+00  0.00000E+00  0.54802E-02
 429.784  0.00000E+00  0.00000E+00  0.61041E-02
 452.404  0.00000E+00  0.00000E+00  0.67613E-02
 475.024  0.00000E+00  0.00000E+00  0.74517E-02
 497.644  0.00000E+00  0.00000E+00  0.81753E-02
 520.265  0.00000E+00  0.00000E+00  0.89320E-02
 542.885  0.00000E+00  0.00000E+00  0.97216E-02
 565.505  0.00000E+00  0.00000E+00  0.10544E-01
 588.125  0.00000E+00  0.00000E+00  0.11400E-01
 610.745  0.00000E+00  0.00000E+00  0.12288E-01
 633.366  0.00000E+00  0.00000E+00  0.13209E-01
 655.986  0.00000E+00  0.00000E+00  0.14162E-01
 678.606  0.00000E+00  0.00000E+00  0.15148E-01
 701.226  0.00000E+00  0.00000E+00  0.16166E-01
 723.846  0.00000E+00  0.00000E+00  0.17217E-01
 746.467  0.00000E+00  0.00000E+00  0.18299E-01
 769.087  0.00000E+00  0.00000E+00  0.19414E-01
 791.707  0.00000E+00  0.00000E+00  0.20561E-01
 814.327  0.00000E+00  0.00000E+00  0.21739E-01
 836.947  0.00000E+00  0.00000E+00  0.22949E-01
 859.568  0.00000E+00  0.00000E+00  0.24191E-01
 882.188  0.00000E+00  0.00000E+00  0.25464E-01
 904.808  0.00000E+00  0.00000E+00  0.26768E-01
 927.428  0.00000E+00  0.00000E+00  0.28103E-01
 950.048  0.00000E+00  0.00000E+00  0.29470E-01
 972.669  0.00000E+00  0.00000E+00  0.30867E-01
 995.289  0.00000E+00  0.00000E+00  0.32295E-01
1017.909  0.00000E+00  0.00000E+00  0.33754E-01
1040.529  0.00000E+00  0.00000E+00  0.35243E-01
1063.149  0.00000E+00  0.00000E+00  0.36762E-01
1085.770  0.00000E+00  0.00000E+00  0.38312E-01
1108.390  0.00000E+00  0.00000E+00  0.39891E-01
1131.010  0.00000E+00  0.00000E+00  0.41500E-01
1153.630  0.00000E+00  0.00000E+00  0.43139E-01
1176.250  0.00000E+00  0.00000E+00  0.44807E-01
1198.871  0.00000E+00  0.00000E+00  0.46504E-01
1221.491  0.00000E+00  0.00000E+00  0.48231E-01
1221.491  0.00000E+00  0.00000E+00  0.45974E-01
1264.103  0.00000E+00  0.00000E+00  0.49148E-01
1306.716  0.00000E+00  0.00000E+00  0.52418E-01
1349.328  0.00000E+00  0.00000E+00  0.55785E-01
1391.941  0.00000E+00  0.00000E+00  0.59246E-01
1434.554  0.00000E+00  0.00000E+00  0.62800E-01
1477.166  0.00000E+00  0.00000E+00  0.66446E-01
1519.779  0.00000E+00  0.00000E+00  0.70183E-01
1562.391  0.00000E+00  0.00000E+00  0.74008E-01
1605.004  0.00000E+00  0.00000E+00  0.77921E-01
1647.617  0.65114E-07  0.00000E+00  0.81919E-01
1690.229  0.99666E-07  0.00000E+00  0.86002E-01
1732.842  0.16320E-06  0.00000E+00  0.90168E-01
1775.454  0.27883E-06  0.00000E+00  0.94413E-01
1818.067  0.48676E-06  0.00000E+00  0.98736E-01
1860.679  0.85586E-06  0.00000E+00  0.10313E+00
1903.292  0.15029E-05  0.00000E+00  0.10760E+00
1945.905  0.26228E-05  0.00000E+00  0.11214E+00
1988.517  0.45375E-05  0.00000E+00  0.11674E+00
2031.130  0.77719E-05  0.00000E+00  0.12139E+00
2073.742  0.13174E-04  0.00000E+00  0.12608E+00
2116.355  0.22097E-04  0.00000E+00  0.13080E+00
2158.968  0.36681E-04  0.00000E+00  0.13552E+00
2201.580  0.60269E-04  0.00000E+00  0.14021E+00
2244.193  0.98050E-04  0.00000E+00  0.14482E+00
2286.805  0.15799E-03  0.00000E+00  0.14928E+00
2329.418  0.25222E-03  0.00000E+00  0.15350E+00
2372.031  0.39902E-03  0.00000E+00  0.15734E+00
2414.643  0.62579E-03  0.00000E+00  0.16060E+00
2457.256  0.97321E-03  0.00000E+00  0.16302E+00
2499.868  0.15012E-02  0.00000E+00  0.16422E+00
2542.481  0.22973E-02  0.00000E+00  0.16367E+00
2585.094  0.34887E-02  0.00000E+00  0.16068E+00
2627.706  0.52588E-02  0.00000E+00  0.15428E+00
2670.319  0.78697E-02  0.00000E+00  0.14317E+00
2712.931  0.11695E-01  0.00000E+00  0.12561E+00
2755.544  0.17261E-01  0.00000E+00  0.99284E-01
2798.156  0.25307E-01  0.00000E+00  0.61139E-01
2840.769  0.36866E-01  0.00000E+00  0.71654E-02
2883.382  0.53367E-01  0.00000E+00 -0.67856E-01
2925.994  0.76782E-01  0.00000E+00 -0.17067E+00
2968.607  0.10981E+00  0.00000E+00 -0.30996E+00
3011.219  0.15613E+00  0.00000E+00 -0.49674E+00
3053.832  0.22072E+00  0.00000E+00 -0.74502E+00
3096.444  0.31031E+00  0.00000E+00 -0.10723E+01
3139.057  0.43387E+00  0.00000E+00 -0.15006E+01
3181.670  0.60340E+00  0.00000E+00 -0.20569E+01
3224.282  0.83476E+00  0.00000E+00 -0.27745E+01
3266.895  0.11489E+01  0.00000E+00 -0.36939E+01
3309.508  0.15733E+01  0.00000E+00 -0.48641E+01
3352.120  0.21438E+01  0.00000E+00 -0.63434E+01
3394.733  0.29068E+01  0.00000E+00 -0.82013E+01
3437.345  0.39224E+01  0.00000E+00 -0.10519E+02
3479.958  0.52678E+01  0.00000E+00 -0.13391E+02
3479.958  0.13002E+02  0.17425E+01  0.25437E+01
3517.468  0.99669E+01  0.48966E+00  0.71326E+00
3554.979  0.76387E+01  0.12955E+01  0.19676E+00
3592.490  0.58486E+01  0.29757E+01  0.35110E+00
3630.000  0.44691E+01  0.48610E+01  0.79641E+00
3630.000  0.44691E+01  0.48610E+01  0.79641E+00
3662.833  0.35431E+01  0.64163E+01  0.12737E+01
3695.667  0.28094E+01  0.77449E+01  0.17322E+01
3728.500  0.22275E+01  0.87993E+01  0.21287E+01
3761.333  0.17655E+01  0.95743E+01  0.24449E+01
3794.167  0.13984E+01  0.10089E+02  0.26768E+01
3827.000  0.11066E+01  0.10373E+02  0.28292E+01
3859.833  0.87449E+00  0.10463E+02  0.29108E+01
3892.667  0.68982E+00  0.10393E+02  0.29325E+01
3925.500  0.54292E+00  0.10198E+02  0.29052E+01
3958.333  0.42609E+00  0.99053E+01  0.28392E+01
3991.167  0.33323E+00  0.95419E+01  0.27438E+01
4024.000  0.25951E+00  0.91288E+01  0.26271E+01
4056.833  0.20105E+00  0.86837E+01  0.24957E+01
4089.667  0.15480E+00  0.82209E+01  0.23552E+01
4122.500  0.11828E+00  0.77516E+01  0.22102E+01
4155.333  0.89558E-01  0.72848E+01  0.20641E+01
4188.167  0.67055E-01  0.68269E+01  0.19196E+01
4221.000  0.49518E-01  0.63829E+01  0.17789E+01
4253.833  0.35947E-01  0.59563E+01  0.16434E+01
4286.667  0.25538E-01  0.55494E+01  0.15142E+01
4319.500  0.17642E-01  0.51638E+01  0.13919E+01
4352.333  0.11746E-01  0.48001E+01  0.12771E+01
4385.167  0.74342E-02  0.44587E+01  0.11698E+01
4418.000  0.43724E-02  0.41394E+01  0.10702E+01
4450.833  0.22922E-02  0.38417E+01  0.97823E+00
4483.667  0.98065E-03  0.35650E+01  0.89361E+00
4516.500  0.26531E-03  0.33085E+01  0.81618E+00
4549.333  0.69632E-05  0.30715E+01  0.74566E+00
4582.167  0.95453E-04  0.28529E+01  0.68178E+00
4615.000  0.44223E-03  0.26520E+01  0.62423E+00
4647.833  0.97805E-03  0.24677E+01  0.57272E+00
4680.667  0.16449E-02  0.22993E+01  0.52696E+00
4713.500  0.23984E-02  0.21460E+01  0.48665E+00
4746.333  0.32036E-02  0.20069E+01  0.45151E+00
4779.167  0.40327E-02  0.18814E+01  0.42129E+00
4812.000  0.48634E-02  0.17688E+01  0.39572E+00
4844.833  0.56794E-02  0.16684E+01  0.37456E+00
4877.667  0.64678E-02  0.15797E+01  0.35756E+00
4910.500  0.72192E-02  0.15021E+01  0.34449E+00
4943.333  0.79261E-02  0.14351E+01  0.33513E+00
4976.167  0.85850E-02  0.13783E+01  0.32923E+00
5009.000  0.91919E-02  0.13311E+01  0.32656E+00
5041.833  0.97459E-02  0.12931E+01  0.32690E+00
5074.667  0.10247E-01  0.12638E+01  0.32999E+00
5107.500  0.10695E-01  0.12429E+01  0.33557E+00
5140.333  0.11093E-01  0.12299E+01  0.34339E+00
5173.167  0.11443E-01  0.12243E+01  0.35317E+00
5206.000  0.11748E-01  0.12256E+01  0.36462E+00
5238.833  0.12014E-01  0.12335E+01  0.37742E+00
5271.667  0.12242E-01  0.12472E+01  0.39127E+00
5304.500  0.12441E-01  0.12664E+01  0.40581E+00
5337.333  0.12612E-01  0.12904E+01  0.42070E+00
5370.167  0.12765E-01  0.13186E+01  0.43558E+00
5403.000  0.12905E-01  0.13505E+01  0.45007E+00
5435.833  0.13040E-01  0.13854E+01  0.46378E+00
5468.667  0.13178E-01  0.14225E+01  0.47632E+00
5501.500  0.13326E-01  0.14613E+01  0.48729E+00
5534.333  0.13494E-01  0.15009E+01  0.49630E+00
5567.167  0.13693E-01  0.15406E+01  0.50296E+00
5600.000  0.13932E-01  0.15798E+01  0.50689E+00
5600.000  0.13932E-01  0.15798E+01  0.50689E+00
5625.250  0.11298E-01  0.16006E+01  0.50207E+00
5650.500  0.89718E-02  0.16196E+01  0.49483E+00
5675.750  0.69476E-02  0.16361E+01  0.48476E+00
5701.000  0.52199E-02  0.16491E+01  0.47147E+00
5701.000  0.68363E-02  0.15329E+01  0.44570E+00
5724.333  0.61852E-02  0.15520E+01  0.43205E+00
5747.667  0.55696E-02  0.15636E+01  0.41403E+00
5771.000  0.49830E-02  0.15676E+01  0.39167E+00
5771.000  0.49837E-02  0.15676E+01  0.39167E+00
5796.000  0.68548E-02  0.15517E+01  0.36072E+00
5821.000  0.89624E-02  0.15270E+01  0.32468E+00
5846.000  0.11259E-01  0.14932E+01  0.28359E+00
5871.000  0.13688E-01  0.14504E+01  0.23759E+00
5896.000  0.16177E-01  0.13985E+01  0.18689E+00
5921.000  0.18645E-01  0.13379E+01  0.13183E+00
5946.000  0.21002E-01  0.12690E+01  0.72839E-01
5971.000  0.23150E-01  0.11924E+01  0.10456E-01
5971.000  0.47315E-01  0.11540E+01  0.32259E-01
5993.500  0.43461E-01  0.10911E+01 -0.28087E-01
6016.000  0.39603E-01  0.10221E+01 -0.89875E-01
6038.500  0.35742E-01  0.94800E+00 -0.15246E+00
6061.000  0.31884E-01  0.86991E+00 -0.21517E+00
6083.500  0.28043E-01  0.78903E+00 -0.27733E+00
6106.000  0.24241E-01  0.70661E+00 -0.33823E+00
6128.500  0.20509E-01  0.62390E+00 -0.39720E+00
6151.000  0.16886E-01  0.54219E+00 -0.45356E+00
6151.000  0.66218E-01  0.53443E+00 -0.41650E+00
6174.333  0.56694E-01  0.45001E+00 -0.48419E+00
6197.667  0.47027E-01  0.36986E+00 -0.54669E+00
6221.000  0.37442E-01  0.29544E+00 -0.60327E+00
6244.333  0.28241E-01  0.22801E+00 -0.65326E+00
6267.667  0.19790E-01  0.16863E+00 -0.69608E+00
6291.000  0.12505E-01  0.11812E+00 -0.73128E+00
6291.000  0.12377E-01  0.12082E+00 -0.73000E+00
6309.543  0.79291E-02  0.86840E-01 -0.75218E+00
6328.086  0.46306E-02  0.59152E-01 -0.76927E+00
6346.629  0.27250E-02  0.37843E-01 -0.78118E+00
6346.629  0.25319E-05  0.27273E-01 -0.67386E+00
6351.314  0.75816E-04  0.23699E-01 -0.67561E+00
6356.000  0.25088E-03  0.20481E-01 -0.67703E+00
6356.000  0.16415E-04  0.13609E-01 -0.60947E+00
6362.000  0.76247E-04  0.10903E-01 -0.61080E+00
6368.000  0.46422E-03  0.86821E-02 -0.61146E+00
6368.000  0.53246E-03  0.00000E+00 -0.23652E+00
6369.500  0.13315E-03  0.00000E+00 -0.23690E+00
6371.000  0.00000E+00  0.00000E+00 -0.23702E+00
