# 135.97865  12.17811  30.98797
#   7.35410 528.45801
   0.000  0.00000E+00  0.00000E+00  0.00000E+00
  22.620  0.00000E+00  0.00000E+00 -0.60139E-07
  45.240  0.00000E+00  0.00000E+00 -0.24055E-06
  67.861  0.00000E+00  0.00000E+00 -0.54121E-06
  90.481  0.00000E+00  0.00000E+00 -0.96210E-06
 113.101  0.00000E+00  0.00000E+00 -0.15032E-05
 135.721  0.00000E+00  0.00000E+00 -0.21643E-05
 158.341  0.00000E+00  0.00000E+00 -0.29456E-05
 180.962  0.00000E+00  0.00000E+00 -0.38468E-05
 203.582  0.00000E+00  0.00000E+00 -0.48679E-05
 226.202  0.00000E+00  0.00000E+00 -0.60088E-05
 248.822  0.00000E+00  0.00000E+00 -0.72693E-05
 271.442  0.00000E+00  0.00000E+00 -0.86494E-05
 294.063  0.00000E+00  0.00000E+00 -0.10149E-04
 316.683  0.00000E+00  0.00000E+00 -0.11768E-04
 339.303  0.00000E+00  0.00000E+00 -0.13505E-04
 361.923  0.76551E-08  0.19110E-04 -0.66753E-05
 384.543  0.22160E-08  0.41553E-04  0.12416E-05
 407.164  0.42559E-09  0.85050E-04  0.17911E-04
 429.784  0.00000E+00  0.16382E-03  0.48815E-04
 452.404  0.50523E-09  0.29780E-03  0.10111E-03
 475.024  0.20190E-08  0.51245E-03  0.18302E-03
 497.644  0.55011E-08  0.83701E-03  0.30235E-03
 520.265  0.13006E-07  0.13005E-02  0.46408E-03
 542.885  0.25252E-07  0.19253E-02  0.66701E-03
 565.505  0.47523E-07  0.27192E-02  0.90009E-03
 588.125  0.84712E-07  0.36658E-02  0.11392E-02
 610.745  0.14369E-06  0.47182E-02  0.13457E-02
 633.366  0.23457E-06  0.57949E-02  0.14682E-02
 655.986  0.36886E-06  0.67845E-02  0.14480E-02
 678.606  0.55944E-06  0.75584E-02  0.12295E-02
 701.226  0.82059E-06  0.79922E-02  0.77372E-03
 723.846  0.11672E-05  0.79942E-02  0.73013E-04
 746.467  0.16154E-05  0.75346E-02 -0.83621E-03
 769.087  0.21767E-05  0.66695E-02 -0.18673E-02
 791.707  0.28616E-05  0.55503E-02 -0.28871E-02
 814.327  0.36823E-05  0.44148E-02 -0.37311E-02
 836.947  0.46505E-05  0.35540E-02 -0.42305E-02
 859.568  0.57839E-05  0.32594E-02 -0.42462E-02
 882.188  0.71114E-05  0.37592E-02 -0.37043E-02
 904.808  0.86858E-05  0.51551E-02 -0.26236E-02
 927.428  0.10605E-04  0.73794E-02 -0.11257E-02
 950.048  0.13010E-04  0.10181E-01  0.57516E-03
 972.669  0.16124E-04  0.13155E-01  0.22038E-02
 995.289  0.20297E-04  0.15807E-01  0.34748E-02
1017.909  0.26016E-04  0.17651E-01  0.41500E-02
1040.529  0.34085E-04  0.18312E-01  0.40901E-02
1063.149  0.45619E-04  0.17614E-01  0.32876E-02
1085.770  0.62257E-04  0.15628E-01  0.18712E-02
1108.390  0.86332E-04  0.12665E-01  0.79183E-04
1131.010  0.12120E-03  0.92103E-02 -0.17912E-02
1153.630  0.17148E-03  0.58209E-02 -0.34474E-02
1176.250  0.24384E-03  0.30047E-02 -0.46748E-02
1198.871  0.34579E-03  0.10941E-02 -0.53016E-02
1221.491  0.48912E-03  0.22265E-03 -0.53445E-02
1221.491  0.43093E-03  0.00000E+00 -0.54871E-02
1264.103  0.17028E-02  0.00000E+00 -0.74439E-02
1306.716  0.41713E-02  0.00000E+00 -0.10875E-01
1349.328  0.84353E-02  0.00000E+00 -0.16095E-01
1391.941  0.15404E-01  0.00000E+00 -0.23559E-01
1434.554  0.26387E-01  0.00000E+00 -0.33807E-01
1477.166  0.43201E-01  0.00000E+00 -0.47404E-01
1519.779  0.68285E-01  0.00000E+00 -0.64869E-01
1562.391  0.10482E+00  0.00000E+00 -0.86570E-01
1605.004  0.15683E+00  0.00000E+00 -0.11260E+00
1647.617  0.22924E+00  0.00000E+00 -0.14261E+00
1690.229  0.32788E+00  0.00000E+00 -0.17568E+00
1732.842  0.45934E+00  0.00000E+00 -0.21013E+00
1775.454  0.63084E+00  0.00000E+00 -0.24341E+00
1818.067  0.84972E+00  0.00000E+00 -0.27208E+00
1860.679  0.11230E+01  0.00000E+00 -0.29176E+00
1903.292  0.14565E+01  0.00000E+00 -0.29739E+00
1945.905  0.18541E+01  0.00000E+00 -0.28354E+00
1988.517  0.23165E+01  0.00000E+00 -0.24488E+00
2031.130  0.28404E+01  0.00000E+00 -0.17691E+00
2073.742  0.34171E+01 -0.00000E+00 -0.76711E-01
2116.355  0.40320E+01 -0.00000E+00  0.56146E-01
2158.968  0.46641E+01 -0.00000E+00  0.21879E+00
2201.580  0.52857E+01 -0.00000E+00  0.40437E+00
2244.193  0.58637E+01 -0.00000E+00  0.60171E+00
2286.805  0.63606E+01 -0.00000E+00  0.79539E+00
2329.418  0.67376E+01 -0.00000E+00  0.96644E+00
2372.031  0.69569E+01 -0.00000E+00  0.10937E+01
2414.643  0.69866E+01 -0.00000E+00  0.11556E+01
2457.256  0.68041E+01 -0.00000E+00  0.11333E+01
2499.868  0.64010E+01 -0.00000E+00  0.10129E+01
2542.481  0.57860E+01 -0.00000E+00  0.78879E+00
2585.094  0.49878E+01 -0.00000E+00  0.46615E+00
2627.706  0.40553E+01  0.00000E+00  0.62668E-01
2670.319  0.30564E+01  0.00000E+00 -0.39117E+00
2712.931  0.20731E+01  0.00000E+00 -0.85332E+00
2755.544  0.11954E+01  0.00000E+00 -0.12735E+01
2798.156  0.51175E+00  0.00000E+00 -0.15984E+01
2840.769  0.98706E-01  0.00000E+00 -0.17783E+01
2883.382  0.10070E-01  0.00000E+00 -0.17746E+01
2925.994  0.26718E+00  0.00000E+00 -0.15674E+01
2968.607  0.85193E+00  0.00000E+00 -0.11615E+01
3011.219  0.17041E+01  0.00000E+00 -0.58999E+00
3053.832  0.27241E+01 -0.00000E+00  0.86037E-01
3096.444  0.37822E+01 -0.00000E+00  0.78244E+00
3139.057  0.47332E+01 -0.00000E+00  0.14013E+01
3181.670  0.54356E+01 -0.00000E+00  0.18446E+01
3224.282  0.57741E+01 -0.00000E+00  0.20299E+01
3266.895  0.56799E+01 -0.00000E+00  0.19067E+01
3309.508  0.51475E+01 -0.00000E+00  0.14698E+01
3352.120  0.42424E+01 -0.00000E+00  0.76672E+00
3394.733  0.30984E+01 -0.00000E+00 -0.10308E+00
3437.345  0.19016E+01  0.00000E+00 -0.99903E+00
3479.958  0.86327E+00  0.00000E+00 -0.17601E+01
3479.958  0.11476E+01 -0.38406E+00 -0.90038E+00
3517.468  0.91782E+00 -0.26664E+00 -0.11375E+01
3554.979  0.70267E+00 -0.67666E-01 -0.13102E+01
3592.490  0.50757E+00  0.20324E+00 -0.14081E+01
3630.000  0.33785E+00  0.52979E+00 -0.14211E+01
3630.000  0.33785E+00  0.52979E+00 -0.14211E+01
3662.833  0.21242E+00  0.84319E+00 -0.13578E+01
3695.667  0.11335E+00  0.11694E+01 -0.12182E+01
3728.500  0.43820E-01  0.14944E+01 -0.10009E+01
3761.333  0.63546E-02  0.18051E+01 -0.71013E+00
3794.167  0.26281E-02  0.20889E+01 -0.35712E+00
3827.000  0.33351E-01  0.23343E+01  0.38642E-01
3859.833  0.98170E-01  0.25298E+01  0.44964E+00
3892.667  0.19562E+00  0.26645E+01  0.84182E+00
3925.500  0.32310E+00  0.27281E+01  0.11774E+01
3958.333  0.47695E+00  0.27116E+01  0.14191E+01
3991.167  0.65250E+00  0.26091E+01  0.15350E+01
4024.000  0.84426E+00  0.24188E+01  0.15033E+01
4056.833  0.10460E+01  0.21456E+01  0.13173E+01
4089.667  0.12512E+01  0.18017E+01  0.98767E+00
4122.500  0.14528E+01  0.14082E+01  0.54350E+00
4155.333  0.16441E+01  0.99366E+00  0.30485E-01
4188.167  0.18184E+01  0.59321E+00 -0.49351E+00
4221.000  0.19697E+01  0.24490E+00 -0.96510E+00
4253.833  0.20925E+01 -0.14346E-01 -0.13234E+01
4286.667  0.21825E+01 -0.15349E+00 -0.15185E+01
4319.500  0.22362E+01 -0.15207E+00 -0.15192E+01
4352.333  0.22515E+01 -0.40299E-02 -0.13181E+01
4385.167  0.22276E+01  0.28016E+00 -0.93431E+00
4418.000  0.21649E+01  0.67340E+00 -0.41195E+00
4450.833  0.20653E+01  0.11343E+01  0.18481E+00
4483.667  0.19318E+01  0.16119E+01  0.77999E+00
4516.500  0.17689E+01  0.20515E+01  0.12961E+01
4549.333  0.15820E+01  0.24025E+01  0.16647E+01
4582.167  0.13775E+01  0.26246E+01  0.18366E+01
4615.000  0.11625E+01  0.26937E+01  0.17886E+01
4647.833  0.94492E+00  0.26055E+01  0.15269E+01
4680.667  0.73273E+00  0.23754E+01  0.10863E+01
4713.500  0.53412E+00  0.20365E+01  0.52427E+00
4746.333  0.35706E+00  0.16340E+01 -0.87124E-01
4779.167  0.20902E+00  0.12184E+01 -0.67251E+00
4812.000  0.96670E-01  0.83781E+00 -0.11640E+01
4844.833  0.25609E-01  0.53101E+00 -0.15107E+01
4877.667  0.34778E-04  0.32217E+00 -0.16846E+01
4910.500  0.22490E-01  0.21850E+00 -0.16832E+01
4943.333  0.93619E-01  0.21090E+00 -0.15269E+01
4976.167  0.21198E+00  0.27742E+00 -0.12530E+01
5009.000  0.37394E+00  0.38879E+00 -0.90746E+00
5041.833  0.57363E+00  0.51484E+00 -0.53576E+00
5074.667  0.80305E+00  0.63038E+00 -0.17523E+00
5107.500  0.10523E+01  0.71939E+00  0.15009E+00
5140.333  0.13097E+01  0.77661E+00  0.43065E+00
5173.167  0.15626E+01  0.80634E+00  0.66885E+00
5206.000  0.17979E+01  0.81881E+00  0.87333E+00
5238.833  0.20023E+01  0.82514E+00  0.10520E+01
5271.667  0.21636E+01  0.83240E+00  0.12052E+01
5304.500  0.22713E+01  0.83997E+00  0.13219E+01
5337.333  0.23175E+01  0.83869E+00  0.13789E+01
5370.167  0.22973E+01  0.81300E+00  0.13455E+01
5403.000  0.22095E+01  0.74611E+00  0.11910E+01
5435.833  0.20575E+01  0.62675E+00  0.89546E+00
5468.667  0.18484E+01  0.45609E+00  0.45902E+00
5501.500  0.15938E+01  0.25250E+00 -0.90684E-01
5534.333  0.13087E+01  0.52510E-01 -0.69714E+00
5567.167  0.10110E+01 -0.93171E-01 -0.12802E+01
5600.000  0.72035E+00 -0.12858E+00 -0.17480E+01
5600.000  0.72035E+00 -0.12859E+00 -0.17480E+01
5625.250  0.50566E+00 -0.45028E-01 -0.19762E+01
5650.500  0.31780E+00  0.14582E+00 -0.20517E+01
5675.750  0.16663E+00  0.45420E+00 -0.19497E+01
5701.000  0.60619E-01  0.87749E+00 -0.16626E+01
5701.000  0.30063E-01  0.98944E+00 -0.14328E+01
5724.333  0.53341E-03  0.14898E+01 -0.95830E+00
5747.667  0.16441E-01  0.20135E+01 -0.39780E+00
5771.000  0.77821E-01  0.25053E+01  0.18727E+00
5771.000  0.77821E-01  0.25054E+01  0.18727E+00
5796.000  0.20117E+00  0.29978E+01  0.81164E+00
5821.000  0.37828E+00  0.33358E+01  0.13176E+01
5846.000  0.60223E+00  0.34513E+01  0.16229E+01
5871.000  0.86298E+00  0.32997E+01  0.16699E+01
5896.000  0.11477E+01  0.28734E+01  0.14395E+01
5921.000  0.14415E+01  0.22108E+01  0.96174E+00
5946.000  0.17279E+01  0.13979E+01  0.31677E+00
5971.000  0.19903E+01  0.56122E+00 -0.37288E+00
5971.000  0.20962E+01  0.69457E+00 -0.17332E+00
5993.500  0.22866E+01 -0.24781E-01 -0.78515E+00
6016.000  0.24259E+01 -0.51248E+00 -0.12031E+01
6038.500  0.25063E+01 -0.68743E+00 -0.13460E+01
6061.000  0.25230E+01 -0.51600E+00 -0.11803E+01
6083.500  0.24744E+01 -0.19457E-01 -0.72830E+00
6106.000  0.23621E+01  0.72776E+00 -0.66172E-01
6128.500  0.21912E+01  0.16091E+01  0.68792E+00
6151.000  0.19701E+01  0.24847E+01  0.13938E+01
6151.000  0.23573E+01  0.28465E+01  0.17868E+01
6174.333  0.19991E+01  0.36702E+01  0.23189E+01
6197.667  0.16114E+01  0.41122E+01  0.24295E+01
6221.000  0.12206E+01  0.41005E+01  0.20691E+01
6244.333  0.85300E+00  0.36567E+01  0.12865E+01
6267.667  0.53252E+00  0.28899E+01  0.21887E+00
6291.000  0.27930E+00  0.19710E+01 -0.93647E+00
6291.000  0.27123E+00  0.19173E+01 -0.96739E+00
6309.543  0.13235E+00  0.12323E+01 -0.17760E+01
6328.086  0.49857E-01  0.65951E+00 -0.24112E+01
6346.629  0.26447E-01  0.26341E+00 -0.28043E+01
6346.629  0.98224E-03  0.28647E+00 -0.23861E+01
6351.314  0.31357E-03  0.20805E+00 -0.24595E+01
6356.000  0.44545E-02  0.14460E+00 -0.25126E+01
6356.000  0.13539E-03  0.15154E+00 -0.22437E+01
6362.000  0.34480E-02  0.78063E-01 -0.23071E+01
6368.000  0.16628E-01  0.39469E-01 -0.23249E+01
6368.000  0.81285E-02  0.00000E+00 -0.43704E+00
6369.500  0.20368E-02  0.00000E+00 -0.44292E+00
6371.000  0.00000E+00  0.00000E+00 -0.44476E+00
