# 509.22626   7.01087   8.27472
#   1.96376 380.34207
   0.000  0.00000E+00  0.00000E+00  0.00000E+00
  22.620  0.00000E+00  0.00000E+00  0.20243E-04
  45.240  0.00000E+00  0.00000E+00  0.80971E-04
  67.861  0.00000E+00  0.00000E+00  0.18218E-03
  90.481  0.00000E+00  0.00000E+00  0.32385E-03
 113.101  0.00000E+00  0.00000E+00  0.50598E-03
 135.721  0.00000E+00  0.00000E+00  0.72854E-03
 158.341  0.00000E+00  0.00000E+00  0.99151E-03
 180.962  0.00000E+00  0.00000E+00  0.12949E-02
 203.582  0.00000E+00  0.00000E+00  0.16386E-02
 226.202  0.00000E+00  0.00000E+00  0.20226E-02
 248.822  0.00000E+00  0.00000E+00  0.24469E-02
 271.442  0.00000E+00  0.00000E+00  0.29115E-02
 294.063  0.00000E+00  0.00000E+00  0.34162E-02
 316.683  0.00000E+00  0.00000E+00  0.39611E-02
 339.303  0.00000E+00  0.00000E+00  0.45460E-02
 361.923  0.00000E+00  0.00000E+00  0.51710E-02
 384.543  0.00000E+00  0.00000E+00  0.58359E-02
 407.164  0.00000E+00  0.00000E+00  0.65407E-02
 429.784  0.00000E+00  0.00000E+00  0.72854E-02
 452.404  0.00000E+00  0.00000E+00  0.80698E-02
 475.024  0.00000E+00  0.00000E+00  0.88938E-02
 497.644  0.00000E+00  0.00000E+00  0.97574E-02
 520.265  0.00000E+00  0.00000E+00  0.10660E-01
 542.885  0.00000E+00  0.00000E+00  0.11603E-01
 565.505  0.00000E+00  0.00000E+00  0.12585E-01
 588.125  0.00000E+00  0.00000E+00  0.13606E-01
 610.745  0.00000E+00  0.00000E+00  0.14666E-01
 633.366  0.00000E+00  0.00000E+00  0.15765E-01
 655.986  0.00000E+00  0.00000E+00  0.16903E-01
 678.606  0.00000E+00  0.00000E+00  0.18079E-01
 701.226  0.00000E+00  0.00000E+00  0.19295E-01
 723.846  0.00000E+00  0.00000E+00  0.20548E-01
 746.467  0.00000E+00  0.00000E+00  0.21841E-01
 769.087  0.00000E+00  0.00000E+00  0.23171E-01
 791.707  0.00000E+00  0.00000E+00  0.24539E-01
 814.327  0.00000E+00  0.00000E+00  0.25946E-01
 836.947  0.00000E+00  0.00000E+00  0.27390E-01
 859.568  0.00000E+00  0.00000E+00  0.28872E-01
 882.188  0.00000E+00  0.00000E+00  0.30391E-01
 904.808  0.00000E+00  0.00000E+00  0.31948E-01
 927.428  0.00000E+00  0.00000E+00  0.33542E-01
 950.048  0.00000E+00  0.00000E+00  0.35173E-01
 972.669  0.00000E+00  0.00000E+00  0.36841E-01
 995.289  0.00000E+00  0.00000E+00  0.38545E-01
1017.909  0.00000E+00  0.00000E+00  0.40286E-01
1040.529  0.00000E+00  0.00000E+00  0.42063E-01
1063.149  0.00000E+00  0.00000E+00  0.43877E-01
1085.770  0.00000E+00  0.00000E+00  0.45726E-01
1108.390  0.00000E+00  0.00000E+00  0.47611E-01
1131.010  0.00000E+00  0.00000E+00  0.49531E-01
1153.630  0.00000E+00  0.00000E+00  0.51487E-01
1176.250  0.00000E+00  0.00000E+00  0.53478E-01
1198.871  0.00000E+00  0.00000E+00  0.55504E-01
1221.491  0.00000E+00  0.00000E+00  0.57564E-01
1221.491  0.00000E+00  0.00000E+00  0.54871E-01
1264.103  0.00000E+00  0.00000E+00  0.58659E-01
1306.716  0.41181E-07  0.00000E+00  0.62562E-01
1349.328  0.54795E-07  0.00000E+00  0.66579E-01
1391.941  0.81815E-07  0.00000E+00  0.70709E-01
1434.554  0.13097E-06  0.00000E+00  0.74949E-01
1477.166  0.21737E-06  0.00000E+00  0.79298E-01
1519.779  0.36623E-06  0.00000E+00  0.83754E-01
1562.391  0.61848E-06  0.00000E+00  0.88313E-01
1605.004  0.10400E-05  0.00000E+00  0.92973E-01
1647.617  0.17344E-05  0.00000E+00  0.97730E-01
1690.229  0.28636E-05  0.00000E+00  0.10258E+00
1732.842  0.46770E-05  0.00000E+00  0.10752E+00
1775.454  0.75551E-05  0.00000E+00  0.11253E+00
1818.067  0.12070E-04  0.00000E+00  0.11761E+00
1860.679  0.19079E-04  0.00000E+00  0.12275E+00
1903.292  0.29842E-04  0.00000E+00  0.12792E+00
1945.905  0.46210E-04  0.00000E+00  0.13311E+00
1988.517  0.70866E-04  0.00000E+00  0.13828E+00
2031.130  0.10767E-03  0.00000E+00  0.14338E+00
2073.742  0.16213E-03  0.00000E+00  0.14836E+00
2116.355  0.24202E-03  0.00000E+00  0.15315E+00
2158.968  0.35830E-03  0.00000E+00  0.15764E+00
2201.580  0.52623E-03  0.00000E+00  0.16171E+00
2244.193  0.76695E-03  0.00000E+00  0.16519E+00
2286.805  0.11095E-02  0.00000E+00  0.16785E+00
2329.418  0.15936E-02  0.00000E+00  0.16943E+00
2372.031  0.22732E-02  0.00000E+00  0.16956E+00
2414.643  0.32211E-02  0.00000E+00  0.16780E+00
2457.256  0.45350E-02  0.00000E+00  0.16356E+00
2499.868  0.63451E-02  0.00000E+00  0.15614E+00
2542.481  0.88244E-02  0.00000E+00  0.14464E+00
2585.094  0.12201E-01  0.00000E+00  0.12796E+00
2627.706  0.16775E-01  0.00000E+00  0.10471E+00
2670.319  0.22936E-01  0.00000E+00  0.73237E-01
2712.931  0.31195E-01  0.00000E+00  0.31486E-01
2755.544  0.42210E-01  0.00000E+00 -0.23019E-01
2798.156  0.56827E-01  0.00000E+00 -0.93265E-01
2840.769  0.76134E-01  0.00000E+00 -0.18283E+00
2883.382  0.10152E+00  0.00000E+00 -0.29597E+00
2925.994  0.13474E+00  0.00000E+00 -0.43774E+00
2968.607  0.17803E+00  0.00000E+00 -0.61407E+00
3011.219  0.23420E+00  0.00000E+00 -0.83191E+00
3053.832  0.30677E+00  0.00000E+00 -0.10993E+01
3096.444  0.40016E+00  0.00000E+00 -0.14257E+01
3139.057  0.51985E+00  0.00000E+00 -0.18215E+01
3181.670  0.67264E+00  0.00000E+00 -0.22992E+01
3224.282  0.86695E+00  0.00000E+00 -0.28722E+01
3266.895  0.11131E+01  0.00000E+00 -0.35560E+01
3309.508  0.14239E+01  0.00000E+00 -0.43676E+01
3352.120  0.18146E+01  0.00000E+00 -0.53257E+01
3394.733  0.23043E+01  0.00000E+00 -0.64504E+01
3437.345  0.29157E+01  0.00000E+00 -0.77637E+01
3479.958  0.36765E+01  0.00000E+00 -0.92882E+01
3479.958  0.79646E+01  0.14602E+01  0.13519E+01
3517.468  0.64804E+01  0.70946E+00  0.38623E+00
3554.979  0.52713E+01  0.84624E+00 -0.24520E-01
3592.490  0.42844E+01  0.14647E+01 -0.98518E-01
3630.000  0.34777E+01  0.23021E+01  0.18882E-01
3630.000  0.34777E+01  0.23021E+01  0.18881E-01
3662.833  0.29076E+01  0.30904E+01  0.21436E+00
3695.667  0.24324E+01  0.38544E+01  0.44449E+00
3728.500  0.20360E+01  0.45517E+01  0.68093E+00
3761.333  0.17049E+01  0.51591E+01  0.90596E+00
3794.167  0.14283E+01  0.56667E+01  0.11093E+01
3827.000  0.11971E+01  0.60734E+01  0.12856E+01
3859.833  0.10037E+01  0.63834E+01  0.14331E+01
3892.667  0.84194E+00  0.66045E+01  0.15522E+01
3925.500  0.70652E+00  0.67460E+01  0.16446E+01
3958.333  0.59316E+00  0.68181E+01  0.17129E+01
3991.167  0.49825E+00  0.68309E+01  0.17600E+01
4024.000  0.41881E+00  0.67941E+01  0.17889E+01
4056.833  0.35230E+00  0.67168E+01  0.18027E+01
4089.667  0.29664E+00  0.66073E+01  0.18041E+01
4122.500  0.25007E+00  0.64728E+01  0.17958E+01
4155.333  0.21113E+00  0.63198E+01  0.17799E+01
4188.167  0.17858E+00  0.61540E+01  0.17586E+01
4221.000  0.15140E+00  0.59802E+01  0.17337E+01
4253.833  0.12871E+00  0.58024E+01  0.17065E+01
4286.667  0.10980E+00  0.56240E+01  0.16784E+01
4319.500  0.94050E-01  0.54480E+01  0.16503E+01
4352.333  0.80957E-01  0.52765E+01  0.16231E+01
4385.167  0.70090E-01  0.51115E+01  0.15974E+01
4418.000  0.61096E-01  0.49543E+01  0.15737E+01
4450.833  0.53672E-01  0.48059E+01  0.15524E+01
4483.667  0.47573E-01  0.46671E+01  0.15336E+01
4516.500  0.42593E-01  0.45384E+01  0.15173E+01
4549.333  0.38559E-01  0.44200E+01  0.15037E+01
4582.167  0.35335E-01  0.43118E+01  0.14925E+01
4615.000  0.32803E-01  0.42137E+01  0.14837E+01
4647.833  0.30874E-01  0.41253E+01  0.14770E+01
4680.667  0.29472E-01  0.40463E+01  0.14720E+01
4713.500  0.28545E-01  0.39759E+01  0.14685E+01
4746.333  0.28047E-01  0.39135E+01  0.14660E+01
4779.167  0.27944E-01  0.38583E+01  0.14641E+01
4812.000  0.28220E-01  0.38095E+01  0.14624E+01
4844.833  0.28861E-01  0.37661E+01  0.14605E+01
4877.667  0.29863E-01  0.37271E+01  0.14577E+01
4910.500  0.31225E-01  0.36915E+01  0.14536E+01
4943.333  0.32954E-01  0.36584E+01  0.14477E+01
4976.167  0.35062E-01  0.36266E+01  0.14396E+01
5009.000  0.37564E-01  0.35951E+01  0.14287E+01
5041.833  0.40472E-01  0.35628E+01  0.14145E+01
5074.667  0.43810E-01  0.35287E+01  0.13966E+01
5107.500  0.47591E-01  0.34919E+01  0.13745E+01
5140.333  0.51841E-01  0.34513E+01  0.13479E+01
5173.167  0.56577E-01  0.34061E+01  0.13164E+01
5206.000  0.61816E-01  0.33553E+01  0.12797E+01
5238.833  0.67574E-01  0.32983E+01  0.12375E+01
5271.667  0.73866E-01  0.32344E+01  0.11897E+01
5304.500  0.80705E-01  0.31630E+01  0.11359E+01
5337.333  0.88092E-01  0.30836E+01  0.10762E+01
5370.167  0.96033E-01  0.29959E+01  0.10106E+01
5403.000  0.10452E+00  0.28996E+01  0.93899E+00
5435.833  0.11355E+00  0.27948E+01  0.86162E+00
5468.667  0.12310E+00  0.26814E+01  0.77865E+00
5501.500  0.13315E+00  0.25596E+01  0.69035E+00
5534.333  0.14366E+00  0.24300E+01  0.59707E+00
5567.167  0.15459E+00  0.22929E+01  0.49925E+00
5600.000  0.16589E+00  0.21491E+01  0.39737E+00
5600.000  0.16589E+00  0.21491E+01  0.39737E+00
5625.250  0.18485E+00  0.20199E+01  0.31406E+00
5650.500  0.20376E+00  0.18889E+01  0.22893E+00
5675.750  0.22240E+00  0.17564E+01  0.14210E+00
5701.000  0.24057E+00  0.16227E+01  0.53773E-01
5701.000  0.42630E+00  0.15363E+01  0.18131E+00
5724.333  0.42739E+00  0.14338E+01  0.93724E-01
5747.667  0.42832E+00  0.13272E+01  0.42369E-02
5771.000  0.42902E+00  0.12174E+01 -0.86643E-01
5771.000  0.42902E+00  0.12174E+01 -0.86645E-01
5796.000  0.45138E+00  0.10930E+01 -0.17066E+00
5821.000  0.47235E+00  0.96870E+00 -0.25555E+00
5846.000  0.49164E+00  0.84552E+00 -0.34088E+00
5871.000  0.50894E+00  0.72454E+00 -0.42621E+00
5896.000  0.52392E+00  0.60687E+00 -0.51107E+00
5921.000  0.53625E+00  0.49367E+00 -0.59499E+00
5946.000  0.54562E+00  0.38613E+00 -0.67749E+00
5971.000  0.55172E+00  0.28539E+00 -0.75809E+00
5971.000  0.62614E+00  0.28092E+00 -0.66607E+00
5993.500  0.61195E+00  0.20012E+00 -0.75028E+00
6016.000  0.59682E+00  0.12505E+00 -0.83139E+00
6038.500  0.58070E+00  0.56673E-01 -0.90895E+00
6061.000  0.56356E+00 -0.40995E-02 -0.98254E+00
6083.500  0.54541E+00 -0.56439E-01 -0.10518E+01
6106.000  0.52622E+00 -0.99596E-01 -0.11163E+01
6128.500  0.50600E+00 -0.13291E+00 -0.11758E+01
6151.000  0.48478E+00 -0.15583E+00 -0.12300E+01
6151.000  0.55708E+00 -0.16892E+00 -0.11695E+01
6174.333  0.50996E+00 -0.18073E+00 -0.12441E+01
6197.667  0.46595E+00 -0.18008E+00 -0.13094E+01
6221.000  0.42561E+00 -0.16697E+00 -0.13652E+01
6244.333  0.38953E+00 -0.14158E+00 -0.14112E+01
6267.667  0.35828E+00 -0.10425E+00 -0.14473E+01
6291.000  0.33238E+00 -0.55492E-01 -0.14733E+01
6291.000  0.34590E+00 -0.63167E-01 -0.14704E+01
6309.543  0.33102E+00 -0.16589E-01 -0.14836E+01
6328.086  0.32006E+00  0.36494E-01 -0.14906E+01
6346.629  0.31323E+00  0.95651E-01 -0.14915E+01
6346.629  0.21499E+00  0.31116E-01 -0.13317E+01
6351.314  0.20780E+00  0.45154E-01 -0.13346E+01
6356.000  0.20071E+00  0.59603E-01 -0.13372E+01
6356.000  0.12406E+00  0.42035E-01 -0.12325E+01
6362.000  0.11425E+00  0.57411E-01 -0.12365E+01
6368.000  0.10480E+00  0.73355E-01 -0.12396E+01
6368.000  0.61564E-03  0.00000E+00 -0.45748E+00
6369.500  0.15393E-03  0.00000E+00 -0.45790E+00
6371.000  0.00000E+00  0.00000E+00 -0.45802E+00
