# 109.27421  10.76899  29.30622
#   9.15129 462.30200
   0.000  0.00000E+00  0.00000E+00  0.00000E+00
  22.620  0.00000E+00  0.00000E+00  0.20686E-07
  45.240  0.00000E+00  0.00000E+00  0.82742E-07
  67.861  0.00000E+00  0.00000E+00  0.18616E-06
  90.481  0.00000E+00  0.00000E+00  0.33093E-06
 113.101  0.00000E+00  0.00000E+00  0.51704E-06
 135.721  0.00000E+00  0.00000E+00  0.74447E-06
 158.341  0.00000E+00  0.00000E+00  0.10132E-05
 180.962  0.00000E+00  0.00000E+00  0.13232E-05
 203.582  0.00000E+00  0.00000E+00  0.16744E-05
 226.202  0.00000E+00  0.00000E+00  0.20669E-05
 248.822  0.00000E+00  0.00000E+00  0.25004E-05
 271.442  0.00000E+00  0.00000E+00  0.29752E-05
 294.063  0.00000E+00  0.00000E+00  0.34909E-05
 316.683  0.00000E+00  0.00000E+00  0.40477E-05
 339.303  0.00000E+00  0.00000E+00  0.46455E-05
 361.923  0.00000E+00  0.00000E+00  0.52841E-05
 384.543  0.00000E+00  0.00000E+00  0.59636E-05
 407.164  0.80188E-07  0.17880E-05  0.75892E-05
 429.784  0.24760E-08  0.21218E-05  0.85001E-05
 452.404  0.39242E-07  0.21988E-05  0.92703E-05
 475.024  0.27586E-07  0.39230E-05  0.10803E-04
 497.644  0.15051E-07  0.79669E-05  0.13323E-04
 520.265  0.81656E-08  0.15745E-04  0.17317E-04
 542.885  0.49479E-08  0.29368E-04  0.23458E-04
 565.505  0.36454E-08  0.51587E-04  0.32500E-04
 588.125  0.33672E-08  0.85500E-04  0.45065E-04
 610.745  0.38989E-08  0.13394E-03  0.61287E-04
 633.366  0.51465E-08  0.19853E-03  0.80369E-04
 655.986  0.75506E-08  0.27851E-03  0.10014E-03
 678.606  0.11583E-07  0.36960E-03  0.11677E-03
 701.226  0.17509E-07  0.46345E-03  0.12494E-03
 723.846  0.26090E-07  0.54802E-03  0.11861E-03
 746.467  0.37901E-07  0.60938E-03  0.92394E-04
 769.087  0.52926E-07  0.63495E-03  0.43564E-04
 791.707  0.71374E-07  0.61763E-03 -0.25946E-04
 814.327  0.92370E-07  0.55976E-03 -0.10815E-03
 836.947  0.11448E-06  0.47538E-03 -0.18901E-03
 859.568  0.13587E-06  0.38944E-03 -0.25048E-03
 882.188  0.15488E-06  0.33304E-03 -0.27464E-03
 904.808  0.17134E-06  0.33555E-03 -0.24855E-03
 927.428  0.18508E-06  0.41511E-03 -0.16847E-03
 950.048  0.19595E-06  0.56969E-03 -0.44030E-04
 972.669  0.20481E-06  0.77303E-03  0.10156E-03
 995.289  0.21434E-06  0.97849E-03  0.23656E-03
1017.909  0.22983E-06  0.11302E-02  0.32869E-03
1040.529  0.26151E-06  0.11793E-02  0.35440E-03
1063.149  0.32301E-06  0.11003E-02  0.30651E-03
1085.770  0.43666E-06  0.90226E-03  0.19746E-03
1108.390  0.64212E-06  0.62882E-03  0.56373E-04
1131.010  0.10111E-05  0.34713E-03 -0.79507E-04
1153.630  0.16646E-05  0.12702E-03 -0.17596E-03
1176.250  0.27871E-05  0.17276E-04 -0.20742E-03
1198.871  0.45885E-05  0.30601E-04 -0.18603E-03
1221.491  0.75569E-05  0.13864E-03 -0.11590E-03
1221.491  0.48979E-04  0.00000E+00 -0.21951E-03
1264.103  0.16223E-03  0.00000E+00 -0.43673E-03
1306.716  0.40205E-03  0.00000E+00 -0.85014E-03
1349.328  0.87643E-03  0.00000E+00 -0.15801E-02
1391.941  0.17760E-02  0.00000E+00 -0.28132E-02
1434.554  0.34241E-02  0.00000E+00 -0.48206E-02
1477.166  0.63497E-02  0.00000E+00 -0.79783E-02
1519.779  0.11392E-01  0.00000E+00 -0.12781E-01
1562.391  0.19835E-01  0.00000E+00 -0.19842E-01
1605.004  0.33590E-01  0.00000E+00 -0.29874E-01
1647.617  0.55400E-01  0.00000E+00 -0.43631E-01
1690.229  0.89075E-01  0.00000E+00 -0.61808E-01
1732.842  0.13973E+00  0.00000E+00 -0.84874E-01
1775.454  0.21395E+00  0.00000E+00 -0.11287E+00
1818.067  0.31994E+00  0.00000E+00 -0.14511E+00
1860.679  0.46737E+00  0.00000E+00 -0.17995E+00
1903.292  0.66712E+00  0.00000E+00 -0.21446E+00
1945.905  0.93051E+00  0.00000E+00 -0.24429E+00
1988.517  0.12683E+01  0.00000E+00 -0.26365E+00
2031.130  0.16891E+01  0.00000E+00 -0.26555E+00
2073.742  0.21974E+01  0.00000E+00 -0.24244E+00
2116.355  0.27915E+01  0.00000E+00 -0.18714E+00
2158.968  0.34608E+01 -0.00000E+00 -0.94220E-01
2201.580  0.41844E+01 -0.00000E+00  0.38399E-01
2244.193  0.49293E+01 -0.00000E+00  0.20779E+00
2286.805  0.56507E+01 -0.00000E+00  0.40459E+00
2329.418  0.62936E+01 -0.00000E+00  0.61221E+00
2372.031  0.67966E+01 -0.00000E+00  0.80706E+00
2414.643  0.70979E+01 -0.00000E+00  0.96021E+00
2457.256  0.71433E+01 -0.00000E+00  0.10405E+01
2499.868  0.68953E+01 -0.00000E+00  0.10194E+01
2542.481  0.63427E+01 -0.00000E+00  0.87647E+00
2585.094  0.55078E+01 -0.00000E+00  0.60543E+00
2627.706  0.44513E+01 -0.00000E+00  0.21930E+00
2670.319  0.32714E+01  0.00000E+00 -0.24698E+00
2712.931  0.20966E+01  0.00000E+00 -0.73729E+00
2755.544  0.10718E+01  0.00000E+00 -0.11796E+01
2798.156  0.33837E+00  0.00000E+00 -0.14958E+01
2840.769  0.10292E-01  0.00000E+00 -0.16155E+01
2883.382  0.15073E+00  0.00000E+00 -0.14916E+01
2925.994  0.75300E+00  0.00000E+00 -0.11146E+01
2968.607  0.17314E+01  0.00000E+00 -0.52240E+00
3011.219  0.29257E+01 -0.00000E+00  0.19854E+00
3053.832  0.41219E+01 -0.00000E+00  0.92217E+00
3096.444  0.50871E+01 -0.00000E+00  0.15034E+01
3139.057  0.56154E+01 -0.00000E+00  0.18071E+01
3181.670  0.55747E+01 -0.00000E+00  0.17415E+01
3224.282  0.49451E+01 -0.00000E+00  0.12868E+01
3266.895  0.38371E+01 -0.00000E+00  0.51227E+00
3309.508  0.24818E+01  0.00000E+00 -0.42645E+00
3352.120  0.11893E+01  0.00000E+00 -0.13133E+01
3394.733  0.28038E+00  0.00000E+00 -0.19193E+01
3437.345  0.56583E-02  0.00000E+00 -0.20622E+01
3479.958  0.46981E+00  0.00000E+00 -0.16645E+01
3479.958  0.63565E-03  0.87890E+00 -0.96755E+00
3517.468  0.25417E-01  0.13223E+01 -0.68510E+00
3554.979  0.86072E-01  0.17213E+01 -0.32906E+00
3592.490  0.18121E+00  0.20224E+01  0.80896E-01
3630.000  0.30785E+00  0.21981E+01  0.51353E+00
3630.000  0.30785E+00  0.21981E+01  0.51353E+00
3662.833  0.44582E+00  0.22510E+01  0.87953E+00
3695.667  0.60206E+00  0.22225E+01  0.11909E+01
3728.500  0.77118E+00  0.21307E+01  0.14015E+01
3761.333  0.94691E+00  0.19943E+01  0.14665E+01
3794.167  0.11224E+01  0.18292E+01  0.13533E+01
3827.000  0.12906E+01  0.16471E+01  0.10508E+01
3859.833  0.14445E+01  0.14577E+01  0.57776E+00
3892.667  0.15775E+01  0.12711E+01 -0.14034E-01
3925.500  0.16840E+01  0.11018E+01 -0.64389E+00
3958.333  0.17594E+01  0.96981E+00 -0.12129E+01
3991.167  0.18002E+01  0.89973E+00 -0.16210E+01
4024.000  0.18046E+01  0.91661E+00 -0.17864E+01
4056.833  0.17724E+01  0.10393E+01 -0.16638E+01
4089.667  0.17045E+01  0.12731E+01 -0.12577E+01
4122.500  0.16038E+01  0.16044E+01 -0.62522E+00
4155.333  0.14740E+01  0.19984E+01  0.13105E+00
4188.167  0.13204E+01  0.24024E+01  0.88076E+00
4221.000  0.11491E+01  0.27534E+01  0.14906E+01
4253.833  0.96687E+00  0.29904E+01  0.18511E+01
4286.667  0.78116E+00  0.30669E+01  0.18990E+01
4319.500  0.59964E+00  0.29620E+01  0.16306E+01
4352.333  0.43004E+00  0.26859E+01  0.11023E+01
4385.167  0.27989E+00  0.22791E+01  0.41825E+00
4418.000  0.15625E+00  0.18046E+01 -0.29331E+00
4450.833  0.65376E-01  0.13342E+01 -0.90738E+00
4483.667  0.12459E-01  0.93394E+00 -0.13286E+01
4516.500  0.12551E-02  0.65035E+00 -0.15091E+01
4549.333  0.33776E-01  0.50235E+00 -0.14543E+01
4582.167  0.10999E+00  0.48034E+00 -0.12149E+01
4615.000  0.22755E+00  0.55253E+00 -0.86805E+00
4647.833  0.38165E+00  0.67636E+00 -0.49411E+00
4680.667  0.56499E+00  0.81143E+00 -0.15457E+00
4713.500  0.76792E+00  0.92986E+00  0.12135E+00
4746.333  0.97878E+00  0.10210E+01  0.33806E+00
4779.167  0.11845E+01  0.10894E+01  0.52269E+00
4812.000  0.13712E+01  0.11464E+01  0.70590E+00
4844.833  0.15256E+01  0.11999E+01  0.90144E+00
4877.667  0.16353E+01  0.12460E+01  0.10919E+01
4910.500  0.16909E+01  0.12656E+01  0.12267E+01
4943.333  0.16860E+01  0.12303E+01  0.12354E+01
4976.167  0.16190E+01  0.11146E+01  0.10514E+01
5009.000  0.14927E+01  0.91143E+00  0.64188E+00
5041.833  0.13154E+01  0.64530E+00  0.31099E-01
5074.667  0.10995E+01  0.37702E+00 -0.69049E+00
5107.500  0.86170E+00  0.19557E+00 -0.13780E+01
5140.333  0.62103E+00  0.19717E+00 -0.18641E+01
5173.167  0.39755E+00  0.45593E+00 -0.20045E+01
5206.000  0.21049E+00  0.99412E+00 -0.17242E+01
5238.833  0.76428E-01  0.17621E+01 -0.10494E+01
5271.667  0.76448E-02  0.26364E+01 -0.11490E+00
5304.500  0.10837E-01  0.34402E+01  0.86198E+00
5337.333  0.86338E-01  0.39840E+01  0.16334E+01
5370.167  0.22794E+00  0.41159E+01  0.19889E+01
5403.000  0.42335E+00  0.37700E+01  0.18189E+01
5435.833  0.65525E+00  0.29946E+01  0.11543E+01
5468.667  0.90284E+00  0.19520E+01  0.16746E+00
5501.500  0.11437E+01  0.88461E+00 -0.86876E+00
5534.333  0.13559E+01  0.54529E-01 -0.16553E+01
5567.167  0.15199E+01 -0.32764E+00 -0.19541E+01
5600.000  0.16203E+01 -0.16423E+00 -0.16618E+01
5600.000  0.16203E+01 -0.16423E+00 -0.16618E+01
5625.250  0.16319E+01  0.33281E+00 -0.10641E+01
5650.500  0.16009E+01  0.10739E+01 -0.22842E+00
5675.750  0.15291E+01  0.19425E+01  0.70544E+00
5701.000  0.14199E+01  0.27902E+01  0.15663E+01
5701.000  0.15633E+01  0.36417E+01  0.21115E+01
5724.333  0.14114E+01  0.42465E+01  0.26894E+01
5747.667  0.12296E+01  0.44601E+01  0.27942E+01
5771.000  0.10276E+01  0.42582E+01  0.24086E+01
5771.000  0.10276E+01  0.42582E+01  0.24086E+01
5796.000  0.82817E+00  0.37324E+01  0.15950E+01
5821.000  0.62453E+00  0.28984E+01  0.45909E+00
5846.000  0.42887E+00  0.19610E+01 -0.74847E+00
5871.000  0.25459E+00  0.11546E+01 -0.17521E+01
5896.000  0.11583E+00  0.67958E+00 -0.23243E+01
5921.000  0.26776E-01  0.64132E+00 -0.23516E+01
5946.000  0.55782E-03  0.10127E+01 -0.18729E+01
5971.000  0.47886E-01  0.16352E+01 -0.10727E+01
5971.000  0.44204E-01  0.18270E+01 -0.88582E+00
5993.500  0.15120E+00  0.23835E+01 -0.12612E+00
6016.000  0.31703E+00  0.26970E+01  0.40376E+00
6038.500  0.53197E+00  0.26782E+01  0.59518E+00
6061.000  0.78182E+00  0.23548E+01  0.46661E+00
6083.500  0.10486E+01  0.18613E+01  0.15246E+00
6106.000  0.13118E+01  0.13935E+01 -0.14644E+00
6128.500  0.15499E+01  0.11418E+01 -0.23579E+00
6151.000  0.17419E+01  0.12243E+01 -0.10881E-02
6151.000  0.24822E+01  0.12840E+01  0.43183E+00
6174.333  0.25634E+01  0.17415E+01  0.10044E+01
6197.667  0.24880E+01  0.24163E+01  0.16760E+01
6221.000  0.22693E+01  0.30231E+01  0.21405E+01
6244.333  0.19394E+01  0.32739E+01  0.21056E+01
6267.667  0.15435E+01  0.30019E+01  0.14231E+01
6291.000  0.11317E+01  0.22461E+01  0.17355E+00
6291.000  0.11301E+01  0.21569E+01  0.12816E+00
6309.543  0.82593E+00  0.14047E+01 -0.10333E+01
6328.086  0.56041E+00  0.70087E+00 -0.21307E+01
6346.629  0.34773E+00  0.23649E+00 -0.29429E+01
6346.629  0.33708E+00  0.24839E+00 -0.24823E+01
6351.314  0.28085E+00  0.16033E+00 -0.26566E+01
6356.000  0.22898E+00  0.10302E+00 -0.27950E+01
6356.000  0.18277E+00  0.14456E+00 -0.24910E+01
6362.000  0.12413E+00  0.67306E-01 -0.26576E+01
6368.000  0.76134E-01  0.68851E-01 -0.27326E+01
6368.000  0.97543E-02  0.00000E+00 -0.33616E+00
6369.500  0.24472E-02  0.00000E+00 -0.34330E+00
6371.000  0.00000E+00  0.00000E+00 -0.34559E+00
