# 657.01215   5.43609   9.37348
#   1.52204 345.66351
   0.000  0.00000E+00  0.00000E+00  0.00000E+00
  22.620  0.00000E+00  0.00000E+00  0.17342E-04
  45.240  0.00000E+00  0.00000E+00  0.69366E-04
  67.861  0.00000E+00  0.00000E+00  0.15607E-03
  90.481  0.00000E+00  0.00000E+00  0.27744E-03
 113.101  0.00000E+00  0.00000E+00  0.43346E-03
 135.721  0.00000E+00  0.00000E+00  0.62413E-03
 158.341  0.00000E+00  0.00000E+00  0.84941E-03
 180.962  0.16767E-06  0.74366E-06  0.11097E-02
 203.582  0.14877E-06  0.66188E-06  0.14041E-02
 226.202  0.13363E-06  0.59655E-06  0.17331E-02
 248.822  0.12120E-06  0.54325E-06  0.20966E-02
 271.442  0.11081E-06  0.49894E-06  0.24945E-02
 294.063  0.10200E-06  0.46153E-06  0.29269E-02
 316.683  0.94420E-07  0.42954E-06  0.33936E-02
 339.303  0.87831E-07  0.40190E-06  0.38948E-02
 361.923  0.82043E-07  0.37779E-06  0.44301E-02
 384.543  0.76914E-07  0.35661E-06  0.49998E-02
 407.164  0.72330E-07  0.33790E-06  0.56036E-02
 429.784  0.68200E-07  0.32130E-06  0.62415E-02
 452.404  0.64450E-07  0.30654E-06  0.69134E-02
 475.024  0.61023E-07  0.29338E-06  0.76193E-02
 497.644  0.57875E-07  0.28160E-06  0.83592E-02
 520.265  0.54969E-07  0.27101E-06  0.91328E-02
 542.885  0.52279E-07  0.26144E-06  0.99402E-02
 565.505  0.15956E-07  0.10995E-05  0.10782E-01
 588.125  0.67778E-08  0.13686E-05  0.11657E-01
 610.745  0.25391E-08  0.17821E-05  0.12565E-01
 633.366  0.56709E-09  0.23424E-05  0.13507E-01
 655.986  0.70883E-12  0.30674E-05  0.14482E-01
 678.606  0.60453E-09  0.39800E-05  0.15490E-01
 701.226  0.24678E-08  0.51048E-05  0.16532E-01
 723.846  0.59153E-08  0.64653E-05  0.17607E-01
 746.467  0.11497E-07  0.80812E-05  0.18714E-01
 769.087  0.20044E-07  0.99657E-05  0.19855E-01
 791.707  0.32709E-07  0.12122E-04  0.21028E-01
 814.327  0.51106E-07  0.14541E-04  0.22234E-01
 836.947  0.77401E-07  0.17195E-04  0.23473E-01
 859.568  0.11449E-06  0.20035E-04  0.24744E-01
 882.188  0.16620E-06  0.22991E-04  0.26047E-01
 904.808  0.23760E-06  0.25960E-04  0.27382E-01
 927.428  0.33522E-06  0.28815E-04  0.28749E-01
 950.048  0.46750E-06  0.31394E-04  0.30147E-01
 972.669  0.64530E-06  0.33512E-04  0.31577E-01
 995.289  0.88243E-06  0.34961E-04  0.33038E-01
1017.909  0.11963E-05  0.35524E-04  0.34529E-01
1040.529  0.16089E-05  0.34990E-04  0.36052E-01
1063.149  0.21477E-05  0.33180E-04  0.37604E-01
1085.770  0.28466E-05  0.29984E-04  0.39187E-01
1108.390  0.37477E-05  0.25404E-04  0.40800E-01
1131.010  0.49029E-05  0.19619E-04  0.42442E-01
1153.630  0.63754E-05  0.13063E-04  0.44115E-01
1176.250  0.82426E-05  0.65214E-05  0.45818E-01
1198.871  0.10599E-04  0.12610E-05  0.47552E-01
1221.491  0.13558E-04 -0.81893E-06  0.49317E-01
1221.491  0.10144E-04  0.00000E+00  0.46842E-01
1264.103  0.96188E-05  0.00000E+00  0.50109E-01
1306.716  0.10005E-04  0.00000E+00  0.53448E-01
1349.328  0.11315E-04  0.00000E+00  0.56860E-01
1391.941  0.13708E-04  0.00000E+00  0.60344E-01
1434.554  0.17511E-04  0.00000E+00  0.63894E-01
1477.166  0.23226E-04  0.00000E+00  0.67502E-01
1519.779  0.31583E-04  0.00000E+00  0.71157E-01
1562.391  0.43594E-04  0.00000E+00  0.74845E-01
1605.004  0.60656E-04  0.00000E+00  0.78546E-01
1647.617  0.84643E-04  0.00000E+00  0.82239E-01
1690.229  0.11806E-03  0.00000E+00  0.85894E-01
1732.842  0.16423E-03  0.00000E+00  0.89478E-01
1775.454  0.22750E-03  0.00000E+00  0.92949E-01
1818.067  0.31354E-03  0.00000E+00  0.96255E-01
1860.679  0.42969E-03  0.00000E+00  0.99335E-01
1903.292  0.58541E-03  0.00000E+00  0.10212E+00
1945.905  0.79277E-03  0.00000E+00  0.10451E+00
1988.517  0.10671E-02  0.00000E+00  0.10642E+00
2031.130  0.14277E-02  0.00000E+00  0.10771E+00
2073.742  0.18992E-02  0.00000E+00  0.10825E+00
2116.355  0.25117E-02  0.00000E+00  0.10787E+00
2158.968  0.33034E-02  0.00000E+00  0.10637E+00
2201.580  0.43210E-02  0.00000E+00  0.10353E+00
2244.193  0.56225E-02  0.00000E+00  0.99092E-01
2286.805  0.72788E-02  0.00000E+00  0.92764E-01
2329.418  0.93767E-02  0.00000E+00  0.84208E-01
2372.031  0.12022E-01  0.00000E+00  0.73045E-01
2414.643  0.15342E-01  0.00000E+00  0.58845E-01
2457.256  0.19492E-01  0.00000E+00  0.41130E-01
2499.868  0.24657E-01  0.00000E+00  0.19363E-01
2542.481  0.31061E-01  0.00000E+00 -0.70499E-02
2585.094  0.38970E-01  0.00000E+00 -0.38766E-01
2627.706  0.48700E-01  0.00000E+00 -0.76504E-01
2670.319  0.60627E-01  0.00000E+00 -0.12105E+00
2712.931  0.75197E-01  0.00000E+00 -0.17326E+00
2755.544  0.92934E-01  0.00000E+00 -0.23404E+00
2798.156  0.11445E+00  0.00000E+00 -0.30439E+00
2840.769  0.14048E+00  0.00000E+00 -0.38534E+00
2883.382  0.17185E+00  0.00000E+00 -0.47799E+00
2925.994  0.20956E+00  0.00000E+00 -0.58348E+00
2968.607  0.25474E+00  0.00000E+00 -0.70300E+00
3011.219  0.30873E+00  0.00000E+00 -0.83776E+00
3053.832  0.37304E+00  0.00000E+00 -0.98896E+00
3096.444  0.44944E+00  0.00000E+00 -0.11578E+01
3139.057  0.53996E+00  0.00000E+00 -0.13454E+01
3181.670  0.64692E+00  0.00000E+00 -0.15530E+01
3224.282  0.77298E+00  0.00000E+00 -0.17813E+01
3266.895  0.92115E+00  0.00000E+00 -0.20314E+01
3309.508  0.10949E+01  0.00000E+00 -0.23039E+01
3352.120  0.12981E+01  0.00000E+00 -0.25990E+01
3394.733  0.15352E+01  0.00000E+00 -0.29170E+01
3437.345  0.18111E+01  0.00000E+00 -0.32574E+01
3479.958  0.21315E+01  0.00000E+00 -0.36196E+01
3479.958  0.17480E+01  0.29947E+00 -0.18201E+00
3517.468  0.15121E+01  0.39032E+00 -0.21133E+00
3554.979  0.13079E+01  0.56148E+00 -0.18713E+00
3592.490  0.11308E+01  0.78342E+00 -0.12561E+00
3630.000  0.97719E+00  0.10351E+01 -0.38665E-01
3630.000  0.97719E+00  0.10351E+01 -0.38665E-01
3662.833  0.86646E+00  0.12682E+01  0.55170E-01
3695.667  0.76942E+00  0.15056E+01  0.15775E+00
3728.500  0.68434E+00  0.17423E+01  0.26571E+00
3761.333  0.60970E+00  0.19749E+01  0.37654E+00
3794.167  0.54421E+00  0.22010E+01  0.48846E+00
3827.000  0.48672E+00  0.24195E+01  0.60018E+00
3859.833  0.43624E+00  0.26298E+01  0.71079E+00
3892.667  0.39191E+00  0.28317E+01  0.81969E+00
3925.500  0.35297E+00  0.30254E+01  0.92647E+00
3958.333  0.31876E+00  0.32115E+01  0.10309E+01
3991.167  0.28872E+00  0.33905E+01  0.11328E+01
4024.000  0.26235E+00  0.35630E+01  0.12320E+01
4056.833  0.23920E+00  0.37296E+01  0.13286E+01
4089.667  0.21889E+00  0.38910E+01  0.14224E+01
4122.500  0.20109E+00  0.40477E+01  0.15134E+01
4155.333  0.18551E+00  0.42002E+01  0.16016E+01
4188.167  0.17189E+00  0.43488E+01  0.16868E+01
4221.000  0.16001E+00  0.44939E+01  0.17690E+01
4253.833  0.14968E+00  0.46357E+01  0.18481E+01
4286.667  0.14073E+00  0.47743E+01  0.19238E+01
4319.500  0.13300E+00  0.49097E+01  0.19959E+01
4352.333  0.12638E+00  0.50418E+01  0.20643E+01
4385.167  0.12075E+00  0.51704E+01  0.21287E+01
4418.000  0.11602E+00  0.52953E+01  0.21888E+01
4450.833  0.11210E+00  0.54161E+01  0.22443E+01
4483.667  0.10893E+00  0.55325E+01  0.22949E+01
4516.500  0.10643E+00  0.56440E+01  0.23403E+01
4549.333  0.10455E+00  0.57501E+01  0.23801E+01
4582.167  0.10327E+00  0.58503E+01  0.24139E+01
4615.000  0.10252E+00  0.59439E+01  0.24416E+01
4647.833  0.10228E+00  0.60303E+01  0.24626E+01
4680.667  0.10253E+00  0.61089E+01  0.24766E+01
4713.500  0.10322E+00  0.61791E+01  0.24834E+01
4746.333  0.10436E+00  0.62402E+01  0.24826E+01
4779.167  0.10590E+00  0.62916E+01  0.24739E+01
4812.000  0.10785E+00  0.63326E+01  0.24571E+01
4844.833  0.11019E+00  0.63626E+01  0.24319E+01
4877.667  0.11289E+00  0.63812E+01  0.23980E+01
4910.500  0.11594E+00  0.63877E+01  0.23554E+01
4943.333  0.11934E+00  0.63817E+01  0.23038E+01
4976.167  0.12306E+00  0.63628E+01  0.22432E+01
5009.000  0.12709E+00  0.63306E+01  0.21736E+01
5041.833  0.13141E+00  0.62848E+01  0.20949E+01
5074.667  0.13599E+00  0.62252E+01  0.20071E+01
5107.500  0.14083E+00  0.61517E+01  0.19105E+01
5140.333  0.14589E+00  0.60642E+01  0.18050E+01
5173.167  0.15115E+00  0.59628E+01  0.16910E+01
5206.000  0.15657E+00  0.58477E+01  0.15687E+01
5238.833  0.16212E+00  0.57189E+01  0.14384E+01
5271.667  0.16776E+00  0.55770E+01  0.13004E+01
5304.500  0.17345E+00  0.54224E+01  0.11553E+01
5337.333  0.17915E+00  0.52555E+01  0.10035E+01
5370.167  0.18479E+00  0.50770E+01  0.84555E+00
5403.000  0.19033E+00  0.48878E+01  0.68200E+00
5435.833  0.19571E+00  0.46885E+01  0.51352E+00
5468.667  0.20086E+00  0.44802E+01  0.34078E+00
5501.500  0.20571E+00  0.42638E+01  0.16451E+00
5534.333  0.21020E+00  0.40406E+01 -0.14528E-01
5567.167  0.21425E+00  0.38116E+01 -0.19554E+00
5600.000  0.21778E+00  0.35782E+01 -0.37769E+00
5600.000  0.21779E+00  0.35782E+01 -0.37769E+00
5625.250  0.23366E+00  0.33728E+01 -0.52364E+00
5650.500  0.24849E+00  0.31681E+01 -0.66984E+00
5675.750  0.26208E+00  0.29644E+01 -0.81600E+00
5701.000  0.27423E+00  0.27623E+01 -0.96178E+00
5701.000  0.51363E+00  0.26040E+01 -0.70126E+00
5724.333  0.50206E+00  0.24519E+01 -0.84509E+00
5747.667  0.48997E+00  0.22984E+01 -0.98837E+00
5771.000  0.47733E+00  0.21441E+01 -0.11306E+01
5771.000  0.47733E+00  0.21441E+01 -0.11306E+01
5796.000  0.49014E+00  0.19689E+01 -0.12577E+01
5821.000  0.50059E+00  0.17963E+01 -0.13836E+01
5846.000  0.50846E+00  0.16272E+01 -0.15079E+01
5871.000  0.51355E+00  0.14623E+01 -0.16301E+01
5896.000  0.51567E+00  0.13023E+01 -0.17499E+01
5921.000  0.51463E+00  0.11481E+01 -0.18668E+01
5946.000  0.51029E+00  0.10005E+01 -0.19802E+01
5971.000  0.50253E+00  0.86032E+00 -0.20898E+01
5971.000  0.59187E+00  0.83686E+00 -0.19225E+01
5993.500  0.56162E+00  0.72649E+00 -0.20377E+01
6016.000  0.53086E+00  0.62169E+00 -0.21477E+01
6038.500  0.49965E+00  0.52307E+00 -0.22521E+01
6061.000  0.46807E+00  0.43121E+00 -0.23507E+01
6083.500  0.43621E+00  0.34666E+00 -0.24429E+01
6106.000  0.40416E+00  0.26990E+00 -0.25287E+01
6128.500  0.37206E+00  0.20140E+00 -0.26076E+01
6151.000  0.34002E+00  0.14154E+00 -0.26794E+01
6151.000  0.43428E+00  0.12923E+00 -0.25736E+01
6174.333  0.37589E+00  0.77822E-01 -0.26740E+01
6197.667  0.32149E+00  0.36949E-01 -0.27631E+01
6221.000  0.27151E+00  0.66329E-02 -0.28407E+01
6244.333  0.22636E+00 -0.13202E-01 -0.29066E+01
6267.667  0.18646E+00 -0.22724E-01 -0.29608E+01
6291.000  0.15223E+00 -0.22188E-01 -0.30035E+01
6291.000  0.15549E+00 -0.23499E-01 -0.30025E+01
6309.543  0.13345E+00 -0.16503E-01 -0.30280E+01
6328.086  0.11531E+00 -0.35098E-02 -0.30463E+01
6346.629  0.10128E+00  0.15247E-01 -0.30576E+01
6346.629  0.78797E-01 -0.54842E-02 -0.26362E+01
6351.314  0.73083E-01  0.16678E-03 -0.26391E+01
6356.000  0.67573E-01  0.61881E-02 -0.26417E+01
6356.000  0.45565E-01  0.25872E-02 -0.23774E+01
6362.000  0.38501E-01  0.97232E-02 -0.23803E+01
6368.000  0.32017E-01  0.17347E-01 -0.23823E+01
6368.000  0.78071E-03  0.00000E+00 -0.94388E+00
6369.500  0.19519E-03  0.00000E+00 -0.94430E+00
6371.000  0.00000E+00  0.00000E+00 -0.94432E+00
