# 130.27824  10.44536  17.55810
#   7.67588 387.63864
   0.000  0.00000E+00  0.00000E+00  0.00000E+00
  22.620  0.00000E+00  0.00000E+00  0.37431E-06
  45.240  0.00000E+00  0.00000E+00  0.14972E-05
  67.861  0.00000E+00  0.00000E+00  0.33686E-05
  90.481  0.00000E+00  0.00000E+00  0.59882E-05
 113.101  0.00000E+00  0.00000E+00  0.93559E-05
 135.721  0.00000E+00  0.00000E+00  0.13471E-04
 158.341  0.00000E+00  0.00000E+00  0.18334E-04
 180.962  0.00000E+00  0.00000E+00  0.23943E-04
 203.582  0.00000E+00  0.00000E+00  0.30299E-04
 226.202  0.00000E+00  0.00000E+00  0.37400E-04
 248.822  0.00000E+00  0.00000E+00  0.45246E-04
 271.442  0.00000E+00  0.00000E+00  0.53835E-04
 294.063  0.00000E+00  0.00000E+00  0.63168E-04
 316.683  0.00000E+00  0.00000E+00  0.73244E-04
 339.303  0.00000E+00  0.00000E+00  0.84060E-04
 361.923  0.00000E+00  0.00000E+00  0.95616E-04
 384.543  0.00000E+00  0.00000E+00  0.10791E-03
 407.164  0.00000E+00  0.00000E+00  0.12094E-03
 429.784  0.00000E+00  0.00000E+00  0.13471E-03
 452.404  0.00000E+00  0.00000E+00  0.14922E-03
 475.024  0.00000E+00  0.00000E+00  0.16445E-03
 497.644  0.00000E+00  0.00000E+00  0.18042E-03
 520.265  0.00000E+00  0.00000E+00  0.19712E-03
 542.885  0.00000E+00  0.00000E+00  0.21455E-03
 565.505  0.00000E+00  0.00000E+00  0.23270E-03
 588.125  0.00000E+00  0.00000E+00  0.25158E-03
 610.745  0.00000E+00  0.00000E+00  0.27118E-03
 633.366  0.00000E+00  0.00000E+00  0.29151E-03
 655.986  0.00000E+00  0.00000E+00  0.31255E-03
 678.606  0.00000E+00  0.00000E+00  0.33430E-03
 701.226  0.00000E+00  0.00000E+00  0.35678E-03
 723.846  0.00000E+00  0.00000E+00  0.37996E-03
 746.467  0.00000E+00  0.00000E+00  0.40385E-03
 769.087  0.00000E+00  0.00000E+00  0.42845E-03
 791.707  0.00000E+00  0.00000E+00  0.45376E-03
 814.327  0.00000E+00  0.00000E+00  0.47976E-03
 836.947  0.00000E+00  0.00000E+00  0.50647E-03
 859.568  0.00000E+00  0.00000E+00  0.53387E-03
 882.188  0.00000E+00  0.00000E+00  0.56196E-03
 904.808  0.00000E+00  0.00000E+00  0.59075E-03
 927.428  0.00000E+00  0.00000E+00  0.62022E-03
 950.048  0.00000E+00  0.00000E+00  0.65038E-03
 972.669  0.00000E+00  0.00000E+00  0.68122E-03
 995.289  0.00000E+00  0.00000E+00  0.71273E-03
1017.909  0.00000E+00  0.00000E+00  0.74492E-03
1040.529  0.00000E+00  0.00000E+00  0.77779E-03
1063.149  0.00000E+00  0.00000E+00  0.81132E-03
1085.770  0.00000E+00  0.00000E+00  0.84551E-03
1108.390  0.00000E+00  0.00000E+00  0.88036E-03
1131.010  0.00000E+00  0.00000E+00  0.91588E-03
1153.630  0.00000E+00  0.00000E+00  0.95204E-03
1176.250  0.00000E+00  0.00000E+00  0.98885E-03
1198.871  0.00000E+00  0.00000E+00  0.10263E-02
1221.491  0.00000E+00  0.00000E+00  0.10644E-02
1221.491  0.00000E+00  0.00000E+00  0.10146E-02
1264.103  0.00000E+00  0.00000E+00  0.10846E-02
1306.716  0.00000E+00  0.00000E+00  0.11568E-02
1349.328  0.00000E+00  0.00000E+00  0.12311E-02
1391.941  0.00000E+00  0.00000E+00  0.13075E-02
1434.554  0.00000E+00  0.00000E+00  0.13859E-02
1477.166  0.00000E+00  0.00000E+00  0.14664E-02
1519.779  0.00000E+00  0.00000E+00  0.15489E-02
1562.391  0.00000E+00  0.00000E+00  0.16333E-02
1605.004  0.00000E+00  0.00000E+00  0.17197E-02
1647.617  0.00000E+00  0.00000E+00  0.18079E-02
1690.229  0.00000E+00  0.00000E+00  0.18980E-02
1732.842  0.00000E+00  0.00000E+00  0.19900E-02
1775.454  0.00000E+00  0.00000E+00  0.20837E-02
1818.067  0.00000E+00  0.00000E+00  0.21792E-02
1860.679  0.28992E-06  0.00000E+00  0.22757E-02
1903.292  0.58017E-06  0.00000E+00  0.23738E-02
1945.905  0.11474E-05  0.00000E+00  0.24731E-02
1988.517  0.22333E-05  0.00000E+00  0.25729E-02
2031.130  0.42706E-05  0.00000E+00  0.26726E-02
2073.742  0.80188E-05  0.00000E+00  0.27711E-02
2116.355  0.14783E-04  0.00000E+00  0.28665E-02
2158.968  0.26765E-04  0.00000E+00  0.29563E-02
2201.580  0.47600E-04  0.00000E+00  0.30363E-02
2244.193  0.83185E-04  0.00000E+00  0.31009E-02
2286.805  0.14290E-03  0.00000E+00  0.31416E-02
2329.418  0.24137E-03  0.00000E+00  0.31472E-02
2372.031  0.40100E-03  0.00000E+00  0.31021E-02
2414.643  0.65539E-03  0.00000E+00  0.29859E-02
2457.256  0.10541E-02  0.00000E+00  0.27730E-02
2499.868  0.16685E-02  0.00000E+00  0.24318E-02
2542.481  0.25996E-02  0.00000E+00  0.19256E-02
2585.094  0.39876E-02  0.00000E+00  0.12139E-02
2627.706  0.60222E-02  0.00000E+00  0.25557E-03
2670.319  0.89545E-02  0.00000E+00 -0.98617E-03
2712.931  0.13110E-01  0.00000E+00 -0.25361E-02
2755.544  0.18896E-01  0.00000E+00 -0.43970E-02
2798.156  0.26814E-01  0.00000E+00 -0.65366E-02
2840.769  0.37455E-01  0.00000E+00 -0.88731E-02
2883.382  0.51488E-01  0.00000E+00 -0.11260E-01
2925.994  0.69642E-01  0.00000E+00 -0.13473E-01
2968.607  0.92654E-01  0.00000E+00 -0.15202E-01
3011.219  0.12120E+00  0.00000E+00 -0.16049E-01
3053.832  0.15582E+00  0.00000E+00 -0.15549E-01
3096.444  0.19677E+00  0.00000E+00 -0.13199E-01
3139.057  0.24389E+00  0.00000E+00 -0.85170E-02
3181.670  0.29648E+00 -0.00000E+00 -0.11207E-02
3224.282  0.35312E+00 -0.00000E+00  0.91713E-02
3266.895  0.41160E+00 -0.00000E+00  0.22227E-01
3309.508  0.46882E+00 -0.00000E+00  0.37489E-01
3352.120  0.52089E+00 -0.00000E+00  0.53895E-01
3394.733  0.56329E+00 -0.00000E+00  0.69841E-01
3437.345  0.59122E+00 -0.00000E+00  0.83238E-01
3479.958  0.60012E+00 -0.00000E+00  0.91673E-01
3479.958  0.15077E-01  0.17422E+01  0.45462E+00
3517.468  0.16289E-01  0.16504E+01  0.39213E+00
3554.979  0.18216E-01  0.14990E+01  0.29427E+00
3592.490  0.21028E-01  0.12985E+01  0.16972E+00
3630.000  0.24960E-01  0.10654E+01  0.30246E-01
3630.000  0.24960E-01  0.10654E+01  0.30246E-01
3662.833  0.28969E-01  0.84851E+00 -0.94896E-01
3695.667  0.34464E-01  0.63713E+00 -0.21168E+00
3728.500  0.41831E-01  0.44510E+00 -0.31144E+00
3761.333  0.51553E-01  0.28436E+00 -0.38686E+00
3794.167  0.64217E-01  0.16363E+00 -0.43262E+00
3827.000  0.80522E-01  0.87387E-01 -0.44584E+00
3859.833  0.10128E+00  0.55361E-01 -0.42632E+00
3892.667  0.12744E+00  0.62628E-01 -0.37638E+00
3925.500  0.16004E+00  0.10034E+00 -0.30053E+00
3958.333  0.20023E+00  0.15704E+00 -0.20483E+00
3991.167  0.24927E+00  0.22040E+00 -0.96164E-01
4024.000  0.30848E+00  0.27921E+00  0.18540E-01
4056.833  0.37925E+00  0.32522E+00  0.13298E+00
4089.667  0.46299E+00  0.35472E+00  0.24201E+00
4122.500  0.56111E+00  0.36947E+00  0.34180E+00
4155.333  0.67501E+00  0.37680E+00  0.42988E+00
4188.167  0.80601E+00  0.38887E+00  0.50469E+00
4221.000  0.95536E+00  0.42098E+00  0.56513E+00
4253.833  0.11242E+01  0.48927E+00  0.60990E+00
4286.667  0.13135E+01  0.60794E+00  0.63697E+00
4319.500  0.15241E+01  0.78648E+00  0.64316E+00
4352.333  0.17567E+01  0.10273E+01  0.62418E+00
4385.167  0.20117E+01  0.13240E+01  0.57493E+00
4418.000  0.22893E+01  0.16610E+01  0.49025E+00
4450.833  0.25894E+01  0.20142E+01  0.36604E+00
4483.667  0.29118E+01  0.23529E+01  0.20047E+00
4516.500  0.32558E+01  0.26432E+01 -0.47823E-02
4549.333  0.36205E+01  0.28515E+01 -0.24350E+00
4582.167  0.40045E+01  0.29487E+01 -0.50448E+00
4615.000  0.44061E+01  0.29138E+01 -0.77157E+00
4647.833  0.48231E+01  0.27369E+01 -0.10246E+01
4680.667  0.52526E+01  0.24211E+01 -0.12410E+01
4713.500  0.56913E+01  0.19816E+01 -0.13977E+01
4746.333  0.61351E+01  0.14451E+01 -0.14740E+01
4779.167  0.65790E+01  0.84627E+00 -0.14538E+01
4812.000  0.70174E+01  0.22386E+00 -0.13283E+01
4844.833  0.74437E+01 -0.38371E+00 -0.10973E+01
4877.667  0.78504E+01 -0.94261E+00 -0.76993E+00
4910.500  0.82292E+01 -0.14270E+01 -0.36499E+00
4943.333  0.85711E+01 -0.18214E+01  0.90744E-01
4976.167  0.88662E+01 -0.21208E+01  0.56446E+00
5009.000  0.91044E+01 -0.23302E+01  0.10201E+01
5041.833  0.92754E+01 -0.24618E+01  0.14216E+01
5074.667  0.93690E+01 -0.25319E+01  0.17357E+01
5107.500  0.93758E+01 -0.25573E+01  0.19354E+01
5140.333  0.92875E+01 -0.25517E+01  0.20016E+01
5173.167  0.90979E+01 -0.25230E+01  0.19252E+01
5206.000  0.88026E+01 -0.24721E+01  0.17077E+01
5238.833  0.84009E+01 -0.23926E+01  0.13616E+01
5271.667  0.78950E+01 -0.22724E+01  0.90944E+00
5304.500  0.72918E+01 -0.20955E+01  0.38300E+00
5337.333  0.66020E+01 -0.18451E+01 -0.17873E+00
5370.167  0.58413E+01 -0.15069E+01 -0.73175E+00
5403.000  0.50296E+01 -0.10717E+01 -0.12301E+01
5435.833  0.41911E+01 -0.53761E+00 -0.16293E+01
5468.667  0.33534E+01  0.88106E-01 -0.18908E+01
5501.500  0.25465E+01  0.78869E+00 -0.19858E+01
5534.333  0.18019E+01  0.15378E+01 -0.18999E+01
5567.167  0.11510E+01  0.23004E+01 -0.16369E+01
5600.000  0.62336E+00  0.30341E+01 -0.12200E+01
5600.000  0.62337E+00  0.30341E+01 -0.12200E+01
5625.250  0.30545E+00  0.36067E+01 -0.79405E+00
5650.500  0.95824E-01  0.41214E+01 -0.31170E+00
5675.750  0.38489E-02  0.45528E+01  0.18999E+00
5701.000  0.35295E-01  0.48734E+01  0.66685E+00
5701.000  0.73812E-01  0.60554E+01  0.14357E+01
5724.333  0.26266E+00  0.61261E+01  0.17934E+01
5747.667  0.56283E+00  0.59727E+01  0.19441E+01
5771.000  0.96624E+00  0.55911E+01  0.18686E+01
5771.000  0.96624E+00  0.55912E+01  0.18686E+01
5796.000  0.15187E+01  0.50769E+01  0.16233E+01
5821.000  0.21701E+01  0.43008E+01  0.11241E+01
5846.000  0.28986E+01  0.32993E+01  0.41898E+00
5871.000  0.36780E+01  0.21421E+01 -0.40441E+00
5896.000  0.44784E+01  0.93075E+00 -0.12251E+01
5921.000  0.52674E+01 -0.20902E+00 -0.19023E+01
5946.000  0.60111E+01 -0.11417E+01 -0.22966E+01
5971.000  0.66757E+01 -0.17414E+01 -0.22944E+01
5971.000  0.68128E+01 -0.18051E+01 -0.20269E+01
5993.500  0.73041E+01 -0.19656E+01 -0.16545E+01
6016.000  0.76568E+01 -0.17543E+01 -0.94014E+00
6038.500  0.78535E+01 -0.12136E+01  0.34151E-01
6061.000  0.78826E+01 -0.42464E+00  0.11442E+01
6083.500  0.77395E+01  0.50389E+00  0.22405E+01
6106.000  0.74269E+01  0.14506E+01  0.31701E+01
6128.500  0.69548E+01  0.22985E+01  0.37983E+01
6151.000  0.63408E+01  0.29507E+01  0.40288E+01
6151.000  0.77718E+01  0.34150E+01  0.49901E+01
6174.333  0.67292E+01  0.38853E+01  0.45946E+01
6197.667  0.55691E+01  0.39254E+01  0.35889E+01
6221.000  0.43643E+01  0.35869E+01  0.21194E+01
6244.333  0.31896E+01  0.29769E+01  0.39405E+00
6267.667  0.21173E+01  0.22309E+01 -0.13565E+01
6291.000  0.12138E+01  0.14828E+01 -0.29181E+01
6291.000  0.11840E+01  0.14680E+01 -0.29404E+01
6309.543  0.63831E+00  0.95571E+00 -0.39088E+01
6328.086  0.25489E+00  0.54230E+00 -0.46044E+01
6346.629  0.50061E-01  0.24474E+00 -0.50016E+01
6346.629  0.65940E-01  0.24416E+00 -0.42618E+01
6351.314  0.29216E-01  0.18607E+00 -0.43360E+01
6356.000  0.72046E-02  0.13546E+00 -0.43881E+01
6356.000  0.32728E-01  0.12042E+00 -0.39215E+01
6362.000  0.29190E-02  0.69060E-01 -0.39818E+01
6368.000  0.53324E-02  0.31568E-01 -0.39962E+01
6368.000  0.29244E-01  0.00000E+00 -0.14417E+01
6369.500  0.73292E-02  0.00000E+00 -0.14629E+01
6371.000  0.00000E+00  0.00000E+00 -0.14696E+01
