# 372.25473   5.39044  14.33791
#   2.68633 269.31009
   0.000  0.00000E+00  0.00000E+00  0.00000E+00
  22.620  0.00000E+00  0.00000E+00  0.22197E-05
  45.240  0.00000E+00  0.00000E+00  0.88787E-05
  67.861  0.00000E+00  0.00000E+00  0.19976E-04
  90.481  0.00000E+00  0.00000E+00  0.35511E-04
 113.101  0.00000E+00  0.00000E+00  0.55482E-04
 135.721  0.00000E+00  0.00000E+00  0.79886E-04
 158.341  0.00000E+00  0.00000E+00  0.10872E-03
 180.962  0.00000E+00  0.00000E+00  0.14199E-03
 203.582  0.00000E+00  0.00000E+00  0.17968E-03
 226.202  0.00000E+00  0.00000E+00  0.22179E-03
 248.822  0.00000E+00  0.00000E+00  0.26831E-03
 271.442  0.00000E+00  0.00000E+00  0.31925E-03
 294.063  0.00000E+00  0.00000E+00  0.37460E-03
 316.683  0.00000E+00  0.00000E+00  0.43434E-03
 339.303  0.00000E+00  0.00000E+00  0.49849E-03
 361.923  0.00000E+00  0.00000E+00  0.56702E-03
 384.543  0.00000E+00  0.00000E+00  0.63993E-03
 407.164  0.00000E+00  0.00000E+00  0.71721E-03
 429.784  0.00000E+00  0.00000E+00  0.79887E-03
 452.404  0.00000E+00  0.00000E+00  0.88488E-03
 475.024  0.00000E+00  0.00000E+00  0.97523E-03
 497.644  0.00000E+00  0.00000E+00  0.10699E-02
 520.265  0.00000E+00  0.00000E+00  0.11690E-02
 542.885  0.00000E+00  0.00000E+00  0.12723E-02
 565.505  0.00000E+00  0.00000E+00  0.13800E-02
 588.125  0.00000E+00  0.00000E+00  0.14919E-02
 610.745  0.00000E+00  0.00000E+00  0.16082E-02
 633.366  0.00000E+00  0.00000E+00  0.17287E-02
 655.986  0.00000E+00  0.00000E+00  0.18534E-02
 678.606  0.00000E+00  0.00000E+00  0.19825E-02
 701.226  0.00000E+00  0.00000E+00  0.21157E-02
 723.846  0.00000E+00  0.00000E+00  0.22532E-02
 746.467  0.00000E+00  0.00000E+00  0.23949E-02
 769.087  0.00000E+00  0.00000E+00  0.25408E-02
 791.707  0.00000E+00  0.00000E+00  0.26908E-02
 814.327  0.00000E+00  0.00000E+00  0.28451E-02
 836.947  0.00000E+00  0.00000E+00  0.30034E-02
 859.568  0.00000E+00  0.00000E+00  0.31659E-02
 882.188  0.00000E+00  0.00000E+00  0.33325E-02
 904.808  0.00000E+00  0.00000E+00  0.35032E-02
 927.428  0.00000E+00  0.00000E+00  0.36780E-02
 950.048  0.00000E+00  0.00000E+00  0.38568E-02
 972.669  0.00000E+00  0.00000E+00  0.40397E-02
 995.289  0.00000E+00  0.00000E+00  0.42266E-02
1017.909  0.00000E+00  0.00000E+00  0.44175E-02
1040.529  0.00000E+00  0.00000E+00  0.46124E-02
1063.149  0.00000E+00  0.00000E+00  0.48112E-02
1085.770  0.00000E+00  0.00000E+00  0.50140E-02
1108.390  0.00000E+00  0.00000E+00  0.52207E-02
1131.010  0.00000E+00  0.00000E+00  0.54313E-02
1153.630  0.00000E+00  0.00000E+00  0.56457E-02
1176.250  0.00000E+00  0.00000E+00  0.58640E-02
1198.871  0.00000E+00  0.00000E+00  0.60862E-02
1221.491  0.00000E+00  0.00000E+00  0.63121E-02
1221.491  0.00000E+00  0.00000E+00  0.60168E-02
1264.103  0.00000E+00  0.00000E+00  0.64321E-02
1306.716  0.00000E+00  0.00000E+00  0.68602E-02
1349.328  0.21621E-04  0.00000E+00  0.71883E-02
1391.941  0.23481E-04  0.00000E+00  0.76340E-02
1434.554  0.27823E-04  0.00000E+00  0.80707E-02
1477.166  0.35308E-04  0.00000E+00  0.84970E-02
1519.779  0.47082E-04  0.00000E+00  0.89081E-02
1562.391  0.64885E-04  0.00000E+00  0.92967E-02
1605.004  0.91235E-04  0.00000E+00  0.96525E-02
1647.617  0.12966E-03  0.00000E+00  0.99616E-02
1690.229  0.18501E-03  0.00000E+00  0.10207E-01
1732.842  0.26395E-03  0.00000E+00  0.10366E-01
1775.454  0.37538E-03  0.00000E+00  0.10411E-01
1818.067  0.53123E-03  0.00000E+00  0.10309E-01
1860.679  0.74725E-03  0.00000E+00  0.10018E-01
1903.292  0.10441E-02  0.00000E+00  0.94897E-02
1945.905  0.14486E-02  0.00000E+00  0.86643E-02
1988.517  0.19953E-02  0.00000E+00  0.74722E-02
2031.130  0.27286E-02  0.00000E+00  0.58318E-02
2073.742  0.37046E-02  0.00000E+00  0.36484E-02
2116.355  0.49942E-02  0.00000E+00  0.81348E-03
2158.968  0.66862E-02  0.00000E+00 -0.27964E-02
2201.580  0.88908E-02  0.00000E+00 -0.73198E-02
2244.193  0.11744E-01  0.00000E+00 -0.12911E-01
2286.805  0.15414E-01  0.00000E+00 -0.19737E-01
2329.418  0.20103E-01  0.00000E+00 -0.27983E-01
2372.031  0.26058E-01  0.00000E+00 -0.37842E-01
2414.643  0.33575E-01  0.00000E+00 -0.49518E-01
2457.256  0.43010E-01  0.00000E+00 -0.63221E-01
2499.868  0.54782E-01  0.00000E+00 -0.79160E-01
2542.481  0.69390E-01  0.00000E+00 -0.97539E-01
2585.094  0.87415E-01  0.00000E+00 -0.11855E+00
2627.706  0.10954E+00  0.00000E+00 -0.14235E+00
2670.319  0.13654E+00  0.00000E+00 -0.16907E+00
2712.931  0.16934E+00  0.00000E+00 -0.19881E+00
2755.544  0.20895E+00  0.00000E+00 -0.23157E+00
2798.156  0.25656E+00  0.00000E+00 -0.26730E+00
2840.769  0.31349E+00  0.00000E+00 -0.30583E+00
2883.382  0.38121E+00  0.00000E+00 -0.34689E+00
2925.994  0.46136E+00  0.00000E+00 -0.39007E+00
2968.607  0.55574E+00  0.00000E+00 -0.43480E+00
3011.219  0.66632E+00  0.00000E+00 -0.48032E+00
3053.832  0.79522E+00  0.00000E+00 -0.52570E+00
3096.444  0.94471E+00  0.00000E+00 -0.56977E+00
3139.057  0.11172E+01  0.00000E+00 -0.61115E+00
3181.670  0.13151E+01  0.00000E+00 -0.64822E+00
3224.282  0.15411E+01  0.00000E+00 -0.67913E+00
3266.895  0.17976E+01  0.00000E+00 -0.70179E+00
3309.508  0.20873E+01  0.00000E+00 -0.71391E+00
3352.120  0.24125E+01  0.00000E+00 -0.71302E+00
3394.733  0.27753E+01  0.00000E+00 -0.69651E+00
3437.345  0.31777E+01  0.00000E+00 -0.66170E+00
3479.958  0.36212E+01  0.00000E+00 -0.60590E+00
3479.958  0.16989E+00  0.47423E+01  0.17110E+01
3517.468  0.15397E+00  0.50385E+01  0.18545E+01
3554.979  0.14042E+00  0.53036E+01  0.19746E+01
3592.490  0.12885E+00  0.55346E+01  0.20696E+01
3630.000  0.11897E+00  0.57287E+01  0.21380E+01
3630.000  0.11897E+00  0.57287E+01  0.21380E+01
3662.833  0.11547E+00  0.58580E+01  0.21730E+01
3695.667  0.11285E+00  0.59546E+01  0.21854E+01
3728.500  0.11097E+00  0.60168E+01  0.21749E+01
3761.333  0.10976E+00  0.60431E+01  0.21409E+01
3794.167  0.10913E+00  0.60325E+01  0.20835E+01
3827.000  0.10899E+00  0.59843E+01  0.20028E+01
3859.833  0.10928E+00  0.58984E+01  0.18994E+01
3892.667  0.10993E+00  0.57751E+01  0.17741E+01
3925.500  0.11088E+00  0.56151E+01  0.16280E+01
3958.333  0.11205E+00  0.54199E+01  0.14626E+01
3991.167  0.11340E+00  0.51913E+01  0.12796E+01
4024.000  0.11486E+00  0.49318E+01  0.10810E+01
4056.833  0.11637E+00  0.46445E+01  0.86925E+00
4089.667  0.11785E+00  0.43329E+01  0.64676E+00
4122.500  0.11927E+00  0.40011E+01  0.41632E+00
4155.333  0.12053E+00  0.36535E+01  0.18082E+00
4188.167  0.12159E+00  0.32949E+01 -0.56703E-01
4221.000  0.12238E+00  0.29306E+01 -0.29316E+00
4253.833  0.12283E+00  0.25660E+01 -0.52545E+00
4286.667  0.12288E+00  0.22066E+01 -0.75048E+00
4319.500  0.12248E+00  0.18580E+01 -0.96525E+00
4352.333  0.12156E+00  0.15257E+01 -0.11669E+01
4385.167  0.12009E+00  0.12152E+01 -0.13529E+01
4418.000  0.11802E+00  0.93156E+00 -0.15206E+01
4450.833  0.11531E+00  0.67960E+00 -0.16681E+01
4483.667  0.11194E+00  0.46364E+00 -0.17935E+01
4516.500  0.10788E+00  0.28744E+00 -0.18954E+01
4549.333  0.10315E+00  0.15416E+00 -0.19728E+01
4582.167  0.97753E-01  0.66214E-01 -0.20251E+01
4615.000  0.91714E-01  0.25250E-01 -0.20520E+01
4647.833  0.85077E-01  0.32097E-01 -0.20539E+01
4680.667  0.77906E-01  0.86721E-01 -0.20313E+01
4713.500  0.70282E-01  0.18822E+00 -0.19853E+01
4746.333  0.62305E-01  0.33482E+00 -0.19174E+01
4779.167  0.54099E-01  0.52388E+00 -0.18292E+01
4812.000  0.45805E-01  0.75198E+00 -0.17229E+01
4844.833  0.37588E-01  0.10149E+01 -0.16007E+01
4877.667  0.29633E-01  0.13079E+01 -0.14651E+01
4910.500  0.22144E-01  0.16253E+01 -0.13187E+01
4943.333  0.15344E-01  0.19614E+01 -0.11640E+01
4976.167  0.94757E-02  0.23098E+01 -0.10038E+01
5009.000  0.47935E-02  0.26641E+01 -0.84046E+00
5041.833  0.15659E-02  0.30176E+01 -0.67651E+00
5074.667  0.71136E-04  0.33639E+01 -0.51408E+00
5107.500  0.59050E-03  0.36967E+01 -0.35513E+00
5140.333  0.34124E-02  0.40099E+01 -0.20129E+00
5173.167  0.88141E-02  0.42982E+01 -0.53896E-01
5206.000  0.17075E-01  0.45567E+01  0.86097E-01
5238.833  0.28454E-01  0.47812E+01  0.21807E+00
5271.667  0.43192E-01  0.49683E+01  0.34175E+00
5304.500  0.61506E-01  0.51157E+01  0.45720E+00
5337.333  0.83580E-01  0.52219E+01  0.56477E+00
5370.167  0.10957E+00  0.52863E+01  0.66505E+00
5403.000  0.13957E+00  0.53093E+01  0.75885E+00
5435.833  0.17364E+00  0.52924E+01  0.84704E+00
5468.667  0.21178E+00  0.52378E+01  0.93058E+00
5501.500  0.25392E+00  0.51487E+01  0.10104E+01
5534.333  0.29995E+00  0.50287E+01  0.10871E+01
5567.167  0.34966E+00  0.48824E+01  0.11614E+01
5600.000  0.40279E+00  0.47145E+01  0.12335E+01
5600.000  0.40280E+00  0.47145E+01  0.12335E+01
5625.250  0.46935E+00  0.45671E+01  0.12967E+01
5650.500  0.53928E+00  0.44215E+01  0.13659E+01
5675.750  0.61188E+00  0.42816E+01  0.14411E+01
5701.000  0.68641E+00  0.41507E+01  0.15216E+01
5701.000  0.11136E+01  0.44760E+01  0.19774E+01
5724.333  0.11772E+01  0.43756E+01  0.20696E+01
5747.667  0.12398E+01  0.42755E+01  0.21516E+01
5771.000  0.13012E+01  0.41767E+01  0.22210E+01
5771.000  0.13012E+01  0.41767E+01  0.22210E+01
5796.000  0.14167E+01  0.41513E+01  0.23468E+01
5821.000  0.15303E+01  0.41419E+01  0.24585E+01
5846.000  0.16405E+01  0.41468E+01  0.25495E+01
5871.000  0.17456E+01  0.41631E+01  0.26126E+01
5896.000  0.18440E+01  0.41871E+01  0.26400E+01
5921.000  0.19340E+01  0.42138E+01  0.26239E+01
5946.000  0.20138E+01  0.42373E+01  0.25560E+01
5971.000  0.20818E+01  0.42512E+01  0.24286E+01
5971.000  0.21803E+01  0.48588E+01  0.28175E+01
5993.500  0.22212E+01  0.47178E+01  0.25573E+01
6016.000  0.22542E+01  0.45575E+01  0.22380E+01
6038.500  0.22787E+01  0.43786E+01  0.18618E+01
6061.000  0.22946E+01  0.41820E+01  0.14321E+01
6083.500  0.23016E+01  0.39698E+01  0.95411E+00
6106.000  0.22995E+01  0.37447E+01  0.43441E+00
6128.500  0.22881E+01  0.35103E+01 -0.11889E+00
6151.000  0.22676E+01  0.32712E+01 -0.69630E+00
6151.000  0.22277E+01  0.35145E+01 -0.51760E+00
6174.333  0.21876E+01  0.31877E+01 -0.12409E+01
6197.667  0.21538E+01  0.28746E+01 -0.19557E+01
6221.000  0.21266E+01  0.25846E+01 -0.26440E+01
6244.333  0.21057E+01  0.23280E+01 -0.32881E+01
6267.667  0.20904E+01  0.21150E+01 -0.38705E+01
6291.000  0.20792E+01  0.19561E+01 -0.43746E+01
6291.000  0.21978E+01  0.19128E+01 -0.43369E+01
6309.543  0.21929E+01  0.18442E+01 -0.46587E+01
6328.086  0.21884E+01  0.18171E+01 -0.49186E+01
6346.629  0.21830E+01  0.18356E+01 -0.51113E+01
6346.629  0.13513E+01  0.11030E+01 -0.48809E+01
6351.314  0.13324E+01  0.11111E+01 -0.49284E+01
6356.000  0.13134E+01  0.11241E+01 -0.49697E+01
6356.000  0.75681E+00  0.79157E+00 -0.47741E+01
6362.000  0.73384E+00  0.80055E+00 -0.48245E+01
6368.000  0.71083E+00  0.82306E+00 -0.48589E+01
6368.000  0.31829E-03  0.00000E+00 -0.12775E+00
6369.500  0.79596E-04  0.00000E+00 -0.12795E+00
6371.000 -0.15439E-10  0.00000E+00 -0.12798E+00
