# 118.00195   9.72562  21.88601
#   8.47444 337.00409
   0.000  0.00000E+00  0.00000E+00  0.00000E+00
  22.620  0.00000E+00  0.00000E+00  0.17369E-07
  45.240  0.00000E+00  0.00000E+00  0.69474E-07
  67.861  0.00000E+00  0.00000E+00  0.15631E-06
  90.481  0.00000E+00  0.00000E+00  0.27787E-06
 113.101  0.00000E+00  0.00000E+00  0.43414E-06
 135.721  0.00000E+00  0.00000E+00  0.62510E-06
 158.341  0.00000E+00  0.00000E+00  0.85073E-06
 180.962  0.00000E+00  0.00000E+00  0.11110E-05
 203.582  0.00000E+00  0.00000E+00  0.14059E-05
 226.202  0.00000E+00  0.00000E+00  0.17354E-05
 248.822  0.00000E+00  0.00000E+00  0.20995E-05
 271.442  0.00000E+00  0.00000E+00  0.24981E-05
 294.063  0.00000E+00  0.00000E+00  0.29312E-05
 316.683  0.00000E+00  0.00000E+00  0.33987E-05
 339.303  0.00000E+00  0.00000E+00  0.39006E-05
 361.923  0.00000E+00  0.00000E+00  0.44368E-05
 384.543  0.00000E+00  0.00000E+00  0.50073E-05
 407.164  0.00000E+00  0.00000E+00  0.56121E-05
 429.784  0.00000E+00  0.00000E+00  0.62510E-05
 452.404  0.00000E+00  0.00000E+00  0.69240E-05
 475.024  0.00000E+00  0.00000E+00  0.76310E-05
 497.644  0.00000E+00  0.00000E+00  0.83720E-05
 520.265  0.00000E+00  0.00000E+00  0.91469E-05
 542.885  0.00000E+00  0.00000E+00  0.99556E-05
 565.505  0.00000E+00  0.00000E+00  0.10798E-04
 588.125  0.00000E+00  0.00000E+00  0.11674E-04
 610.745  0.00000E+00  0.00000E+00  0.12584E-04
 633.366  0.00000E+00  0.00000E+00  0.13527E-04
 655.986  0.00000E+00  0.00000E+00  0.14503E-04
 678.606  0.00000E+00  0.00000E+00  0.15512E-04
 701.226  0.00000E+00  0.00000E+00  0.16555E-04
 723.846  0.00000E+00  0.00000E+00  0.17631E-04
 746.467  0.00000E+00  0.00000E+00  0.18740E-04
 769.087  0.00000E+00  0.00000E+00  0.19881E-04
 791.707  0.00000E+00  0.00000E+00  0.21055E-04
 814.327  0.00000E+00  0.00000E+00  0.22262E-04
 836.947  0.00000E+00  0.00000E+00  0.23501E-04
 859.568  0.00000E+00  0.00000E+00  0.24773E-04
 882.188  0.00000E+00  0.00000E+00  0.26076E-04
 904.808  0.00000E+00  0.00000E+00  0.27412E-04
 927.428  0.00000E+00  0.00000E+00  0.28780E-04
 950.048  0.00000E+00  0.00000E+00  0.30179E-04
 972.669  0.00000E+00  0.00000E+00  0.31610E-04
 995.289  0.00000E+00  0.00000E+00  0.33073E-04
1017.909  0.00000E+00  0.00000E+00  0.34566E-04
1040.529  0.00000E+00  0.00000E+00  0.36091E-04
1063.149  0.00000E+00  0.00000E+00  0.37647E-04
1085.770  0.00000E+00  0.00000E+00  0.39234E-04
1108.390  0.00000E+00  0.00000E+00  0.40851E-04
1131.010  0.00000E+00  0.00000E+00  0.42499E-04
1153.630  0.00000E+00  0.00000E+00  0.44177E-04
1176.250  0.00000E+00  0.00000E+00  0.45885E-04
1198.871  0.00000E+00  0.00000E+00  0.47623E-04
1221.491  0.00000E+00  0.00000E+00  0.49391E-04
1221.491  0.00000E+00  0.00000E+00  0.47080E-04
1264.103  0.00000E+00  0.00000E+00  0.50330E-04
1306.716  0.00000E+00  0.00000E+00  0.53680E-04
1349.328  0.00000E+00  0.00000E+00  0.57127E-04
1391.941  0.13517E-06  0.00000E+00  0.57713E-04
1434.554  0.46358E-06  0.00000E+00  0.59444E-04
1477.166  0.18427E-05  0.00000E+00  0.60212E-04
1519.779  0.48822E-05  0.00000E+00  0.56312E-04
1562.391  0.11350E-04  0.00000E+00  0.44885E-04
1605.004  0.24694E-04  0.00000E+00  0.19815E-04
1647.617  0.51459E-04  0.00000E+00 -0.29530E-04
1690.229  0.10373E-03  0.00000E+00 -0.12091E-03
1732.842  0.20324E-03  0.00000E+00 -0.28310E-03
1775.454  0.38810E-03  0.00000E+00 -0.56132E-03
1818.067  0.72346E-03  0.00000E+00 -0.10247E-02
1860.679  0.13180E-02  0.00000E+00 -0.17755E-02
1903.292  0.23487E-02  0.00000E+00 -0.29606E-02
1945.905  0.40968E-02  0.00000E+00 -0.47844E-02
1988.517  0.69986E-02  0.00000E+00 -0.75207E-02
2031.130  0.11715E-01  0.00000E+00 -0.11523E-01
2073.742  0.19225E-01  0.00000E+00 -0.17229E-01
2116.355  0.30937E-01  0.00000E+00 -0.25150E-01
2158.968  0.48835E-01  0.00000E+00 -0.35846E-01
2201.580  0.75641E-01  0.00000E+00 -0.49876E-01
2244.193  0.11498E+00  0.00000E+00 -0.67710E-01
2286.805  0.17155E+00  0.00000E+00 -0.89608E-01
2329.418  0.25125E+00  0.00000E+00 -0.11546E+00
2372.031  0.36124E+00  0.00000E+00 -0.14460E+00
2414.643  0.50983E+00  0.00000E+00 -0.17559E+00
2457.256  0.70626E+00  0.00000E+00 -0.20600E+00
2499.868  0.96015E+00  0.00000E+00 -0.23233E+00
2542.481  0.12807E+01  0.00000E+00 -0.24991E+00
2585.094  0.16756E+01  0.00000E+00 -0.25310E+00
2627.706  0.21493E+01  0.00000E+00 -0.23563E+00
2670.319  0.27014E+01  0.00000E+00 -0.19131E+00
2712.931  0.33249E+01  0.00000E+00 -0.11494E+00
2755.544  0.40041E+01 -0.00000E+00 -0.35856E-02
2798.156  0.47132E+01 -0.00000E+00  0.14205E+00
2840.769  0.54159E+01 -0.00000E+00  0.31629E+00
2883.382  0.60657E+01 -0.00000E+00  0.50747E+00
2925.994  0.66085E+01 -0.00000E+00  0.69753E+00
2968.607  0.69865E+01 -0.00000E+00  0.86260E+00
3011.219  0.71443E+01 -0.00000E+00  0.97491E+00
3053.832  0.70370E+01 -0.00000E+00  0.10061E+01
3096.444  0.66387E+01 -0.00000E+00  0.93174E+00
3139.057  0.59511E+01 -0.00000E+00  0.73706E+00
3181.670  0.50105E+01 -0.00000E+00  0.42231E+00
3224.282  0.38910E+01  0.00000E+00  0.74013E-02
3266.895  0.27023E+01  0.00000E+00 -0.46597E+00
3309.508  0.15811E+01  0.00000E+00 -0.93600E+00
3352.120  0.67529E+00  0.00000E+00 -0.13271E+01
3394.733  0.12180E+00  0.00000E+00 -0.15609E+01
3437.345  0.21098E-01  0.00000E+00 -0.15719E+01
3479.958  0.41231E+00  0.00000E+00 -0.13239E+01
3479.958  0.97199E+00  0.47445E+01 -0.35536E+00
3517.468  0.91327E+00  0.58772E+01 -0.52658E-01
3554.979  0.86479E+00  0.67103E+01  0.16127E+00
3592.490  0.82528E+00  0.71222E+01  0.25736E+00
3630.000  0.79381E+00  0.70540E+01  0.23292E+00
3630.000  0.79381E+00  0.70540E+01  0.23292E+00
3662.833  0.76368E+00  0.65932E+01  0.11773E+00
3695.667  0.73934E+00  0.58356E+01 -0.39489E-01
3728.500  0.72074E+00  0.48743E+01 -0.20205E+00
3761.333  0.70779E+00  0.38246E+01 -0.33353E+00
3794.167  0.70043E+00  0.28075E+01 -0.40412E+00
3827.000  0.69850E+00  0.19318E+01 -0.39564E+00
3859.833  0.70177E+00  0.12786E+01 -0.30432E+00
3892.667  0.70991E+00  0.89001E+00 -0.14085E+00
3925.500  0.72245E+00  0.76494E+00  0.72216E-01
3958.333  0.73877E+00  0.86182E+00  0.30515E+00
3991.167  0.75802E+00  0.11083E+01  0.52674E+00
4024.000  0.77919E+00  0.14156E+01  0.70984E+00
4056.833  0.80099E+00  0.16957E+01  0.83557E+00
4089.667  0.82199E+00  0.18768E+01  0.89535E+00
4122.500  0.84054E+00  0.19161E+01  0.89052E+00
4155.333  0.85490E+00  0.18057E+01  0.82972E+00
4188.167  0.86331E+00  0.15721E+01  0.72495E+00
4221.000  0.86406E+00  0.12688E+01  0.58751E+00
4253.833  0.85567E+00  0.96440E+00  0.42490E+00
4286.667  0.83696E+00  0.72791E+00  0.23980E+00
4319.500  0.80721E+00  0.61478E+00  0.31428E-01
4352.333  0.76625E+00  0.65661E+00 -0.20102E+00
4385.167  0.71451E+00  0.85612E+00 -0.45374E+00
4418.000  0.65304E+00  0.11884E+01 -0.71407E+00
4450.833  0.58349E+00  0.16076E+01 -0.95813E+00
4483.667  0.50814E+00  0.20579E+01 -0.11518E+01
4516.500  0.42970E+00  0.24854E+01 -0.12554E+01
4549.333  0.35095E+00  0.28480E+01 -0.12313E+01
4582.167  0.27483E+00  0.31222E+01 -0.10538E+01
4615.000  0.20416E+00  0.33047E+01 -0.71886E+00
4647.833  0.14148E+00  0.34089E+01 -0.25052E+00
4680.667  0.88863E-01  0.34575E+01  0.29795E+00
4713.500  0.47840E-01  0.34737E+01  0.84914E+00
4746.333  0.19316E-01  0.34730E+01  0.13133E+01
4779.167  0.35763E-02  0.34592E+01  0.16045E+01
4812.000  0.32295E-03  0.34239E+01  0.16592E+01
4844.833  0.87579E-02  0.33505E+01  0.14512E+01
4877.667  0.27688E-01  0.32223E+01  0.10016E+01
4910.500  0.55646E-01  0.30300E+01  0.37886E+00
4943.333  0.91004E-01  0.27788E+01 -0.31164E+00
4976.167  0.13208E+00  0.24905E+01 -0.94628E+00
5009.000  0.17720E+00  0.22012E+01 -0.14080E+01
5041.833  0.22477E+00  0.19536E+01 -0.16109E+01
5074.667  0.27329E+00  0.17868E+01 -0.15199E+01
5107.500  0.32134E+00  0.17257E+01 -0.11591E+01
5140.333  0.36753E+00  0.17736E+01 -0.60785E+00
5173.167  0.41047E+00  0.19096E+01  0.16548E-01
5206.000  0.44875E+00  0.20929E+01  0.58520E+00
5238.833  0.48088E+00  0.22728E+01  0.98735E+00
5271.667  0.50534E+00  0.24011E+01  0.11560E+01
5304.500  0.52055E+00  0.24450E+01  0.10829E+01
5337.333  0.52500E+00  0.23952E+01  0.81824E+00
5370.167  0.51741E+00  0.22675E+01  0.45527E+00
5403.000  0.49684E+00  0.20971E+01  0.10314E+00
5435.833  0.46300E+00  0.19269E+01 -0.14476E+00
5468.667  0.41642E+00  0.17937E+01 -0.23800E+00
5501.500  0.35869E+00  0.17163E+01 -0.18356E+00
5534.333  0.29259E+00  0.16908E+01 -0.42803E-01
5567.167  0.22214E+00  0.16931E+01  0.89382E-01
5600.000  0.15246E+00  0.16909E+01  0.11764E+00
5600.000  0.15246E+00  0.16909E+01  0.11764E+00
5625.250  0.10276E+00  0.17009E+01  0.43829E-01
5650.500  0.58336E-01  0.16832E+01 -0.13937E+00
5675.750  0.23754E-01  0.16324E+01 -0.41816E+00
5701.000  0.35393E-02  0.15593E+01 -0.74834E+00
5701.000  0.19362E-02  0.17459E+01 -0.52016E+00
5724.333  0.16169E-01  0.15795E+01 -0.88520E+00
5747.667  0.44325E-01  0.14768E+01 -0.11546E+01
5771.000  0.85788E-01  0.14888E+01 -0.12452E+01
5771.000  0.85789E-01  0.14888E+01 -0.12452E+01
5796.000  0.15860E+00  0.16543E+01 -0.10661E+01
5821.000  0.25070E+00  0.20099E+01 -0.58965E+00
5846.000  0.35668E+00  0.25345E+01  0.13754E+00
5871.000  0.46882E+00  0.31498E+01  0.98971E+00
5896.000  0.57770E+00  0.37265E+01  0.17776E+01
5921.000  0.67313E+00  0.41098E+01  0.22863E+01
5946.000  0.74532E+00  0.41595E+01  0.23310E+01
5971.000  0.78614E+00  0.37977E+01  0.18167E+01
5971.000  0.82097E+00  0.42953E+01  0.21060E+01
5993.500  0.82789E+00  0.34669E+01  0.10645E+01
6016.000  0.80662E+00  0.24371E+01 -0.26794E+00
6038.500  0.75842E+00  0.14347E+01 -0.16114E+01
6061.000  0.68658E+00  0.70417E+00 -0.26636E+01
6083.500  0.59582E+00  0.44759E+00 -0.31681E+01
6106.000  0.49333E+00  0.77459E+00 -0.29907E+01
6128.500  0.38544E+00  0.16635E+01 -0.21361E+01
6151.000  0.27991E+00  0.29609E+01 -0.77793E+00
6151.000  0.24610E+00  0.32636E+01 -0.59022E+00
6174.333  0.15371E+00  0.49359E+01  0.11986E+01
6197.667  0.76057E-01  0.62994E+01  0.26781E+01
6221.000  0.23272E-01  0.69848E+01  0.34308E+01
6244.333  0.48392E-02  0.67976E+01  0.32393E+01
6267.667  0.26105E-01  0.57787E+01  0.21519E+01
6291.000  0.85588E-01  0.42000E+01  0.47308E+00
6291.000  0.91875E-01  0.40737E+01  0.41304E+00
6309.543  0.16241E+00  0.27560E+01 -0.97417E+00
6328.086  0.24389E+00  0.15871E+01 -0.21819E+01
6346.629  0.32820E+00  0.76091E+00 -0.30008E+01
6346.629  0.15487E+00  0.73369E+00 -0.25969E+01
6351.314  0.17307E+00  0.56337E+00 -0.27607E+01
6356.000  0.19182E+00  0.42955E+00 -0.28839E+01
6356.000  0.91504E-01  0.42331E+00 -0.26067E+01
6362.000  0.11124E+00  0.25904E+00 -0.27581E+01
6368.000  0.13222E+00  0.18791E+00 -0.28090E+01
6368.000  0.15473E-02  0.00000E+00 -0.62378E-01
6369.500  0.38800E-03  0.00000E+00 -0.63506E-01
6371.000  0.00000E+00  0.00000E+00 -0.63866E-01
