# 147.64737   9.53436  36.14935
#   6.77289 330.50198
   0.000  0.00000E+00  0.00000E+00  0.00000E+00
  22.620  0.00000E+00  0.00000E+00 -0.79281E-08
  45.240  0.00000E+00  0.00000E+00 -0.31712E-07
  67.861  0.00000E+00  0.00000E+00 -0.71348E-07
  90.481  0.00000E+00  0.00000E+00 -0.12683E-06
 113.101  0.00000E+00  0.00000E+00 -0.19816E-06
 135.721  0.00000E+00  0.00000E+00 -0.28533E-06
 158.341  0.00000E+00  0.00000E+00 -0.38833E-06
 180.962  0.00000E+00  0.00000E+00 -0.50708E-06
 203.582  0.19680E-07  0.19553E-04  0.87662E-05
 226.202  0.40112E-08  0.60532E-04  0.27995E-04
 248.822  0.64703E-09  0.16726E-03  0.77620E-04
 271.442 -0.92385E-10  0.41449E-03  0.19088E-03
 294.063  0.36933E-09  0.93308E-03  0.42404E-03
 316.683  0.22146E-08  0.19298E-02  0.86201E-03
 339.303  0.73772E-08  0.37001E-02  0.16187E-02
 361.923  0.20642E-07  0.66248E-02  0.28273E-02
 384.543  0.51565E-07  0.11139E-01  0.46166E-02
 407.164  0.10599E-06  0.17669E-01  0.70716E-02
 429.784  0.21769E-06  0.26531E-01  0.10181E-01
 452.404  0.41736E-06  0.37810E-01  0.13781E-01
 475.024  0.75760E-06  0.51232E-01  0.17512E-01
 497.644  0.13142E-05  0.66073E-01  0.20796E-01
 520.265  0.21803E-05  0.81134E-01  0.22878E-01
 542.885  0.35129E-05  0.94819E-01  0.22905E-01
 565.505  0.53804E-05  0.10533E+00  0.20083E-01
 588.125  0.79444E-05  0.11098E+00  0.13860E-01
 610.745  0.11377E-04  0.11055E+00  0.41251E-02
 633.366  0.15768E-04  0.10369E+00 -0.86326E-02
 655.986  0.21154E-04  0.91160E-01 -0.23260E-01
 678.606  0.27571E-04  0.74961E-01 -0.37997E-01
 701.226  0.34979E-04  0.58169E-01 -0.50689E-01
 723.846  0.43252E-04  0.44527E-01 -0.59123E-01
 746.467  0.52254E-04  0.37798E-01 -0.61451E-01
 769.087  0.61846E-04  0.41007E-01 -0.56607E-01
 791.707  0.71901E-04  0.55713E-01 -0.44631E-01
 814.327  0.82519E-04  0.81476E-01 -0.26802E-01
 836.947  0.93789E-04  0.11568E+00 -0.55275E-02
 859.568  0.10635E-03  0.15379E+00  0.16016E-01
 882.188  0.12064E-03  0.19004E+00  0.34443E-01
 904.808  0.13827E-03  0.21848E+00  0.46805E-01
 927.428  0.16076E-03  0.23408E+00  0.51188E-01
 950.048  0.19072E-03  0.23380E+00  0.47115E-01
 972.669  0.23174E-03  0.21727E+00  0.35654E-01
 995.289  0.28930E-03  0.18697E+00  0.19181E-01
1017.909  0.36982E-03  0.14772E+00  0.86034E-03
1040.529  0.48361E-03  0.10582E+00 -0.16052E-01
1063.149  0.64363E-03  0.67705E-01 -0.28905E-01
1085.770  0.86725E-03  0.38689E-01 -0.36169E-01
1108.390  0.11769E-02  0.21932E-01 -0.37645E-01
1131.010  0.16005E-02  0.17938E-01 -0.34304E-01
1153.630  0.21723E-02  0.24688E-01 -0.27828E-01
1176.250  0.29328E-02  0.38366E-01 -0.19970E-01
1198.871  0.39285E-02  0.54486E-01 -0.11960E-01
1221.491  0.52123E-02  0.69118E-01 -0.41356E-02
1221.491  0.27074E-01  0.00000E+00 -0.36178E-01
1264.103  0.43336E-01  0.00000E+00 -0.49206E-01
1306.716  0.66995E-01  0.00000E+00 -0.65170E-01
1349.328  0.10057E+00  0.00000E+00 -0.84012E-01
1391.941  0.14710E+00  0.00000E+00 -0.10535E+00
1434.554  0.21011E+00  0.00000E+00 -0.12840E+00
1477.166  0.29357E+00  0.00000E+00 -0.15186E+00
1519.779  0.40167E+00  0.00000E+00 -0.17388E+00
1562.391  0.53865E+00  0.00000E+00 -0.19206E+00
1605.004  0.70845E+00  0.00000E+00 -0.20351E+00
1647.617  0.91427E+00  0.00000E+00 -0.20498E+00
1690.229  0.11581E+01  0.00000E+00 -0.19309E+00
1732.842  0.14401E+01  0.00000E+00 -0.16469E+00
1775.454  0.17583E+01 -0.00000E+00 -0.11720E+00
1818.067  0.21078E+01 -0.00000E+00 -0.49118E-01
1860.679  0.24803E+01 -0.00000E+00  0.39559E-01
1903.292  0.28644E+01 -0.00000E+00  0.14687E+00
1945.905  0.32452E+01 -0.00000E+00  0.26861E+00
1988.517  0.36048E+01 -0.00000E+00  0.39813E+00
2031.130  0.39232E+01 -0.00000E+00  0.52648E+00
2073.742  0.41792E+01 -0.00000E+00  0.64275E+00
2116.355  0.43520E+01 -0.00000E+00  0.73478E+00
2158.968  0.44234E+01 -0.00000E+00  0.79014E+00
2201.580  0.43789E+01 -0.00000E+00  0.79743E+00
2244.193  0.42106E+01 -0.00000E+00  0.74767E+00
2286.805  0.39186E+01 -0.00000E+00  0.63576E+00
2329.418  0.35122E+01 -0.00000E+00  0.46186E+00
2372.031  0.30107E+01 -0.00000E+00  0.23234E+00
2414.643  0.24434E+01  0.00000E+00 -0.39767E-01
2457.256  0.18481E+01  0.00000E+00 -0.33498E+00
2499.868  0.12688E+01  0.00000E+00 -0.62842E+00
2542.481  0.75237E+00  0.00000E+00 -0.89173E+00
2585.094  0.34432E+00  0.00000E+00 -0.10957E+01
2627.706  0.84088E-01  0.00000E+00 -0.12136E+01
2670.319  0.27908E-03  0.00000E+00 -0.12246E+01
2712.931  0.10637E+00  0.00000E+00 -0.11173E+01
2755.544  0.39756E+00  0.00000E+00 -0.89224E+00
2798.156  0.84933E+00  0.00000E+00 -0.56390E+00
2840.769  0.14180E+01  0.00000E+00 -0.16065E+00
2883.382  0.20440E+01 -0.00000E+00  0.27690E+00
2925.994  0.26569E+01 -0.00000E+00  0.69943E+00
2968.607  0.31833E+01 -0.00000E+00  0.10543E+01
3011.219  0.35553E+01 -0.00000E+00  0.12921E+01
3053.832  0.37200E+01 -0.00000E+00  0.13739E+01
3096.444  0.36477E+01 -0.00000E+00  0.12779E+01
3139.057  0.33384E+01 -0.00000E+00  0.10048E+01
3181.670  0.28244E+01 -0.00000E+00  0.58037E+00
3224.282  0.21690E+01 -0.00000E+00  0.54886E-01
3266.895  0.14607E+01  0.00000E+00 -0.50167E+00
3309.508  0.80183E+00  0.00000E+00 -0.10079E+01
3352.120  0.29505E+00  0.00000E+00 -0.13826E+01
3394.733  0.26846E-01  0.00000E+00 -0.15576E+01
3437.345  0.52224E-01  0.00000E+00 -0.14913E+01
3479.958  0.38237E+00  0.00000E+00 -0.11781E+01
3479.958  0.97636E-01  0.16072E+01 -0.14474E+01
3517.468  0.44994E-01  0.19398E+01 -0.13341E+01
3554.979  0.12071E-01  0.22903E+01 -0.10765E+01
3592.490  0.44314E-04  0.26489E+01 -0.67676E+00
3630.000  0.93380E-02  0.30001E+01 -0.16026E+00
3630.000  0.93380E-02  0.30001E+01 -0.16026E+00
3662.833  0.35927E-01  0.32900E+01  0.35457E+00
3695.667  0.79062E-01  0.35452E+01  0.88318E+00
3728.500  0.13746E+00  0.37444E+01  0.13731E+01
3761.333  0.20931E+00  0.38647E+01  0.17690E+01
3794.167  0.29233E+00  0.38853E+01  0.20202E+01
3827.000  0.38384E+00  0.37906E+01  0.20868E+01
3859.833  0.48087E+00  0.35740E+01  0.19469E+01
3892.667  0.58028E+00  0.32408E+01  0.16010E+01
3925.500  0.67882E+00  0.28097E+01  0.10739E+01
3958.333  0.77333E+00  0.23130E+01  0.41421E+00
3991.167  0.86077E+00  0.17943E+01 -0.31025E+00
4024.000  0.93838E+00  0.13049E+01 -0.10194E+01
4056.833  0.10037E+01  0.89790E+00 -0.16302E+01
4089.667  0.10548E+01  0.62173E+00 -0.20672E+01
4122.500  0.10901E+01  0.51369E+00 -0.22724E+01
4155.333  0.11085E+01  0.59405E+00 -0.22141E+01
4188.167  0.11097E+01  0.86204E+00 -0.18916E+01
4221.000  0.10936E+01  0.12944E+01 -0.13375E+01
4253.833  0.10607E+01  0.18469E+01 -0.61412E+00
4286.667  0.10122E+01  0.24585E+01  0.19316E+00
4319.500  0.94953E+00  0.30590E+01  0.98650E+00
4352.333  0.87458E+00  0.35770E+01  0.16682E+01
4385.167  0.78961E+00  0.39498E+01  0.21535E+01
4418.000  0.69718E+00  0.41318E+01  0.23823E+01
4450.833  0.60005E+00  0.41010E+01  0.23277E+01
4483.667  0.50117E+00  0.38623E+01  0.19996E+01
4516.500  0.40359E+00  0.34473E+01  0.14438E+01
4549.333  0.31038E+00  0.29105E+01  0.73557E+00
4582.167  0.22457E+00  0.23210E+01 -0.30757E-01
4615.000  0.14908E+00  0.17534E+01 -0.75546E+00
4647.833  0.86635E-01  0.12769E+01 -0.13475E+01
4680.667  0.39667E-01  0.94477E+00 -0.17378E+01
4713.500  0.10251E-01  0.78742E+00 -0.18885E+01
4746.333  0.14683E-05  0.80781E+00 -0.17979E+01
4779.167  0.99850E-02  0.98183E+00 -0.14999E+01
4812.000  0.40633E-01  0.12629E+01 -0.10568E+01
4844.833  0.91666E-01  0.15903E+01 -0.54909E+00
4877.667  0.16203E+00  0.18996E+01 -0.60807E-01
4910.500  0.24985E+00  0.21343E+01  0.33431E+00
4943.333  0.35244E+00  0.22552E+01  0.58535E+00
4976.167  0.46629E+00  0.22474E+01  0.67245E+00
5009.000  0.58716E+00  0.21226E+01  0.60926E+00
5041.833  0.71020E+00  0.19165E+01  0.43927E+00
5074.667  0.83009E+00  0.16814E+01  0.22637E+00
5107.500  0.94128E+00  0.14755E+01  0.41388E-01
5140.333  0.10382E+01  0.13512E+01 -0.53072E-01
5173.167  0.11157E+01  0.13432E+01 -0.16564E-01
5206.000  0.11691E+01  0.14606E+01  0.15925E+00
5238.833  0.11948E+01  0.16834E+01  0.44682E+00
5271.667  0.11904E+01  0.19652E+01  0.78615E+00
5304.500  0.11550E+01  0.22415E+01  0.10954E+01
5337.333  0.10892E+01  0.24424E+01  0.12869E+01
5370.167  0.99577E+00  0.25078E+01  0.12856E+01
5403.000  0.87896E+00  0.24018E+01  0.10470E+01
5435.833  0.74478E+00  0.21233E+01  0.57010E+00
5468.667  0.60060E+00  0.17108E+01 -0.96799E-01
5501.500  0.45483E+00  0.12384E+01 -0.86037E+00
5534.333  0.31639E+00  0.80492E+00 -0.15956E+01
5567.167  0.19420E+00  0.51620E+00 -0.21670E+01
5600.000  0.96525E-01  0.46353E+00 -0.24544E+01
5600.000  0.96525E-01  0.46353E+00 -0.24544E+01
5625.250  0.39076E-01  0.61961E+00 -0.24313E+01
5650.500  0.66033E-02  0.96208E+00 -0.21686E+01
5675.750  0.13859E-02  0.14878E+01 -0.16677E+01
5701.000  0.24453E-01  0.21697E+01 -0.95886E+00
5701.000  0.71411E-01  0.25233E+01 -0.57622E+00
5724.333  0.13794E+00  0.32960E+01  0.29984E+00
5747.667  0.22333E+00  0.40290E+01  0.11663E+01
5771.000  0.32459E+00  0.46360E+01  0.19247E+01
5771.000  0.32459E+00  0.46360E+01  0.19247E+01
5796.000  0.46239E+00  0.51828E+01  0.25894E+01
5821.000  0.61357E+00  0.54333E+01  0.29409E+01
5846.000  0.77097E+00  0.53204E+01  0.29023E+01
5871.000  0.92678E+00  0.48237E+01  0.24478E+01
5896.000  0.10729E+01  0.39813E+01  0.16150E+01
5921.000  0.12014E+01  0.28937E+01  0.50804E+00
5946.000  0.13052E+01  0.17171E+01 -0.70980E+00
5971.000  0.13782E+01  0.64534E+00 -0.18366E+01
5971.000  0.14197E+01  0.76668E+00 -0.16171E+01
5993.500  0.14517E+01 -0.14926E-01 -0.24602E+01
6016.000  0.14514E+01 -0.39135E+00 -0.29110E+01
6038.500  0.14186E+01 -0.29325E+00 -0.28932E+01
6061.000  0.13544E+01  0.27981E+00 -0.24017E+01
6083.500  0.12617E+01  0.12565E+01 -0.15057E+01
6106.000  0.11445E+01  0.25022E+01 -0.34082E+00
6128.500  0.10078E+01  0.38373E+01  0.91072E+00
6151.000  0.85790E+00  0.50647E+01  0.20477E+01
6151.000  0.99906E+00  0.57684E+01  0.24905E+01
6174.333  0.79981E+00  0.67951E+01  0.33857E+01
6197.667  0.60462E+00  0.72058E+01  0.36557E+01
6221.000  0.42516E+00  0.69306E+01  0.32370E+01
6244.333  0.27181E+00  0.60282E+01  0.21983E+01
6267.667  0.15286E+00  0.46755E+01  0.72800E+00
6291.000  0.74021E-01  0.31336E+01 -0.90096E+00
6291.000  0.71426E-01  0.30378E+01 -0.95015E+00
6309.543  0.41781E-01  0.19159E+01 -0.21110E+01
6328.086  0.39093E-01  0.99335E+00 -0.30435E+01
6346.629  0.62654E-01  0.37484E+00 -0.36416E+01
6346.629  0.10960E-01  0.41182E+00 -0.31000E+01
6351.314  0.19056E-01  0.29210E+00 -0.32129E+01
6356.000  0.29337E-01  0.19844E+00 -0.32969E+01
6356.000  0.76266E-02  0.21861E+00 -0.29448E+01
6362.000  0.18139E-01  0.10833E+00 -0.30454E+01
6368.000  0.33043E-01  0.59063E-01 -0.30795E+01
6368.000  0.36139E-02  0.00000E+00 -0.22950E+00
6369.500  0.90523E-03  0.00000E+00 -0.23210E+00
6371.000  0.00000E+00  0.00000E+00 -0.23290E+00
