# 225.46761   9.15427  27.31429
#   4.43523 440.96170
   0.000  0.00000E+00  0.00000E+00  0.00000E+00
  22.620  0.00000E+00  0.00000E+00  0.18731E-06
  45.240  0.00000E+00  0.00000E+00  0.74920E-06
  67.861  0.00000E+00  0.00000E+00  0.16856E-05
  90.481  0.00000E+00  0.00000E+00  0.29965E-05
 113.101  0.00000E+00  0.00000E+00  0.46817E-05
 135.721  0.00000E+00  0.00000E+00  0.67410E-05
 158.341  0.00000E+00  0.00000E+00  0.91742E-05
 180.962  0.00000E+00  0.00000E+00  0.11981E-04
 203.582  0.00000E+00  0.00000E+00  0.15161E-04
 226.202  0.00000E+00  0.00000E+00  0.18715E-04
 248.822  0.12759E-08  0.54438E-05  0.25268E-04
 271.442  0.59724E-09  0.12215E-04  0.32790E-04
 294.063  0.36910E-09  0.25319E-04  0.43637E-04
 316.683  0.35734E-09  0.49063E-04  0.59741E-04
 339.303  0.49534E-09  0.89678E-04  0.83830E-04
 361.923  0.80580E-09  0.15566E-03  0.11951E-03
 384.543  0.15184E-08  0.25798E-03  0.17123E-03
 407.164  0.28504E-08  0.40999E-03  0.24413E-03
 429.784  0.55124E-08  0.62703E-03  0.34367E-03
 452.404  0.10097E-07  0.92553E-03  0.47502E-03
 475.024  0.18158E-07  0.13217E-02  0.64231E-03
 497.644  0.32249E-07  0.18299E-02  0.84759E-03
 520.265  0.54181E-07  0.24601E-02  0.10898E-02
 542.885  0.87402E-07  0.32158E-02  0.13637E-02
 565.505  0.13954E-06  0.40920E-02  0.16589E-02
 588.125  0.21819E-06  0.50726E-02  0.19596E-02
 610.745  0.32871E-06  0.61299E-02  0.22442E-02
 633.366  0.48480E-06  0.72237E-02  0.24860E-02
 655.986  0.69791E-06  0.83027E-02  0.26547E-02
 678.606  0.98157E-06  0.93070E-02  0.27187E-02
 701.226  0.13529E-05  0.10172E-01  0.26475E-02
 723.846  0.18287E-05  0.10833E-01  0.24152E-02
 746.467  0.24274E-05  0.11233E-01  0.20042E-02
 769.087  0.31570E-05  0.11327E-01  0.14085E-02
 791.707  0.40341E-05  0.11092E-01  0.63658E-03
 814.327  0.50672E-05  0.10528E-01 -0.28696E-03
 836.947  0.62568E-05  0.96661E-02 -0.13206E-02
 859.568  0.75987E-05  0.85665E-02 -0.24073E-02
 882.188  0.90836E-05  0.73193E-02 -0.34773E-02
 904.808  0.10691E-04  0.60391E-02 -0.44530E-02
 927.428  0.12393E-04  0.48568E-02 -0.52547E-02
 950.048  0.14158E-04  0.39098E-02 -0.58084E-02
 972.669  0.15945E-04  0.33296E-02 -0.60523E-02
 995.289  0.17715E-04  0.32287E-02 -0.59449E-02
1017.909  0.19426E-04  0.36879E-02 -0.54695E-02
1040.529  0.21037E-04  0.47460E-02 -0.46390E-02
1063.149  0.22525E-04  0.63920E-02 -0.34964E-02
1085.770  0.23857E-04  0.85618E-02 -0.21134E-02
1108.390  0.24998E-04  0.11140E-01 -0.58519E-03
1131.010  0.26016E-04  0.13968E-01  0.97705E-03
1153.630  0.26888E-04  0.16852E-01  0.24558E-02
1176.250  0.27649E-04  0.19584E-01  0.37380E-02
1198.871  0.28360E-04  0.21957E-01  0.47265E-02
1221.491  0.29122E-04  0.23784E-01  0.53492E-02
1221.491  0.23857E-02  0.00000E+00 -0.39684E-02
1264.103  0.32011E-02  0.00000E+00 -0.54701E-02
1306.716  0.43965E-02  0.00000E+00 -0.75196E-02
1349.328  0.61099E-02  0.00000E+00 -0.10208E-01
1391.941  0.85222E-02  0.00000E+00 -0.13640E-01
1434.554  0.11866E-01  0.00000E+00 -0.17925E-01
1477.166  0.16436E-01  0.00000E+00 -0.23172E-01
1519.779  0.22594E-01  0.00000E+00 -0.29474E-01
1562.391  0.30784E-01  0.00000E+00 -0.36905E-01
1605.004  0.41536E-01  0.00000E+00 -0.45502E-01
1647.617  0.55475E-01  0.00000E+00 -0.55253E-01
1690.229  0.73322E-01  0.00000E+00 -0.66082E-01
1732.842  0.95901E-01  0.00000E+00 -0.77836E-01
1775.454  0.12413E+00  0.00000E+00 -0.90268E-01
1818.067  0.15901E+00  0.00000E+00 -0.10303E+00
1860.679  0.20161E+00  0.00000E+00 -0.11565E+00
1903.292  0.25305E+00  0.00000E+00 -0.12754E+00
1945.905  0.31445E+00  0.00000E+00 -0.13802E+00
1988.517  0.38691E+00  0.00000E+00 -0.14627E+00
2031.130  0.47144E+00  0.00000E+00 -0.15138E+00
2073.742  0.56889E+00  0.00000E+00 -0.15241E+00
2116.355  0.67992E+00  0.00000E+00 -0.14835E+00
2158.968  0.80489E+00  0.00000E+00 -0.13825E+00
2201.580  0.94378E+00  0.00000E+00 -0.12122E+00
2244.193  0.10961E+01 -0.00000E+00 -0.96520E-01
2286.805  0.12609E+01 -0.00000E+00 -0.63629E-01
2329.418  0.14366E+01 -0.00000E+00 -0.22319E-01
2372.031  0.16209E+01 -0.00000E+00  0.27267E-01
2414.643  0.18109E+01 -0.00000E+00  0.84551E-01
2457.256  0.20030E+01 -0.00000E+00  0.14846E+00
2499.868  0.21928E+01 -0.00000E+00  0.21738E+00
2542.481  0.23755E+01 -0.00000E+00  0.28916E+00
2585.094  0.25456E+01 -0.00000E+00  0.36111E+00
2627.706  0.26973E+01 -0.00000E+00  0.43002E+00
2670.319  0.28246E+01 -0.00000E+00  0.49233E+00
2712.931  0.29216E+01 -0.00000E+00  0.54417E+00
2755.544  0.29827E+01 -0.00000E+00  0.58157E+00
2798.156  0.30029E+01 -0.00000E+00  0.60069E+00
2840.769  0.29784E+01 -0.00000E+00  0.59801E+00
2883.382  0.29063E+01 -0.00000E+00  0.57065E+00
2925.994  0.27858E+01 -0.00000E+00  0.51661E+00
2968.607  0.26178E+01 -0.00000E+00  0.43505E+00
3011.219  0.24052E+01 -0.00000E+00  0.32657E+00
3053.832  0.21537E+01 -0.00000E+00  0.19335E+00
3096.444  0.18709E+01 -0.00000E+00  0.39325E-01
3139.057  0.15670E+01  0.00000E+00 -0.12980E+00
3181.670  0.12542E+01  0.00000E+00 -0.30661E+00
3224.282  0.94628E+00  0.00000E+00 -0.48221E+00
3266.895  0.65839E+00  0.00000E+00 -0.64655E+00
3309.508  0.40592E+00  0.00000E+00 -0.78894E+00
3352.120  0.20386E+00  0.00000E+00 -0.89869E+00
3394.733  0.65827E-01  0.00000E+00 -0.96581E+00
3437.345  0.29817E-02  0.00000E+00 -0.98188E+00
3479.958  0.23022E-01  0.00000E+00 -0.94088E+00
3479.958  0.14437E+01  0.18735E+01 -0.17925E+01
3517.468  0.16003E+01  0.15633E+01 -0.18504E+01
3554.979  0.17626E+01  0.12584E+01 -0.18437E+01
3592.490  0.19297E+01  0.97054E+00 -0.17709E+01
3630.000  0.21007E+01  0.70963E+00 -0.16333E+01
3630.000  0.21007E+01  0.70963E+00 -0.16333E+01
3662.833  0.22527E+01  0.50445E+00 -0.14652E+01
3695.667  0.24079E+01  0.33261E+00 -0.12520E+01
3728.500  0.25653E+01  0.19618E+00 -0.99925E+00
3761.333  0.27242E+01  0.95422E-01 -0.71420E+00
3794.167  0.28835E+01  0.28811E-01 -0.40506E+00
3827.000  0.30422E+01 -0.67609E-02 -0.80848E-01
3859.833  0.31988E+01 -0.15756E-01  0.24906E+00
3892.667  0.33522E+01 -0.36830E-02  0.57527E+00
3925.500  0.35008E+01  0.23257E-01  0.88878E+00
3958.333  0.36430E+01  0.58550E-01  0.11813E+01
3991.167  0.37772E+01  0.95745E-01  0.14454E+01
4024.000  0.39017E+01  0.12881E+00  0.16750E+01
4056.833  0.40147E+01  0.15247E+00  0.18653E+01
4089.667  0.41145E+01  0.16242E+00  0.20128E+01
4122.500  0.41992E+01  0.15555E+00  0.21154E+01
4155.333  0.42672E+01  0.13006E+00  0.21724E+01
4188.167  0.43169E+01  0.85460E-01  0.21841E+01
4221.000  0.43466E+01  0.22530E-01  0.21516E+01
4253.833  0.43551E+01 -0.56784E-01  0.20770E+01
4286.667  0.43411E+01 -0.14955E+00  0.19627E+01
4319.500  0.43037E+01 -0.25205E+00  0.18114E+01
4352.333  0.42423E+01 -0.36003E+00  0.16260E+01
4385.167  0.41564E+01 -0.46891E+00  0.14096E+01
4418.000  0.40460E+01 -0.57403E+00  0.11652E+01
4450.833  0.39116E+01 -0.67080E+00  0.89572E+00
4483.667  0.37538E+01 -0.75486E+00  0.60454E+00
4516.500  0.35738E+01 -0.82221E+00  0.29515E+00
4549.333  0.33732E+01 -0.86919E+00 -0.28403E-01
4582.167  0.31541E+01 -0.89258E+00 -0.36140E+00
4615.000  0.29190E+01 -0.88949E+00 -0.69825E+00
4647.833  0.26707E+01 -0.85737E+00 -0.10323E+01
4680.667  0.24126E+01 -0.79396E+00 -0.13560E+01
4713.500  0.21481E+01 -0.69724E+00 -0.16605E+01
4746.333  0.18814E+01 -0.56547E+00 -0.19364E+01
4779.167  0.16164E+01 -0.39721E+00 -0.21733E+01
4812.000  0.13576E+01 -0.19146E+00 -0.23611E+01
4844.833  0.11095E+01  0.52176E-01 -0.24896E+01
4877.667  0.87635E+00  0.33330E+00 -0.25498E+01
4910.500  0.66268E+00  0.65042E+00 -0.25344E+01
4943.333  0.47265E+00  0.10007E+01 -0.24382E+01
4976.167  0.31021E+00  0.13796E+01 -0.22592E+01
5009.000  0.17890E+00  0.17807E+01 -0.19990E+01
5041.833  0.81840E-01  0.21957E+01 -0.16629E+01
5074.667  0.21578E-01  0.26142E+01 -0.12607E+01
5107.500  0.36387E-04  0.30236E+01 -0.80611E+00
5140.333  0.18429E-01  0.34098E+01 -0.31671E+00
5173.167  0.77206E-01  0.37575E+01  0.18673E+00
5206.000  0.17601E+00  0.40506E+01  0.68114E+00
5238.833  0.31366E+00  0.42734E+01  0.11423E+01
5271.667  0.48811E+00  0.44111E+01  0.15464E+01
5304.500  0.69649E+00  0.44514E+01  0.18711E+01
5337.333  0.93514E+00  0.43849E+01  0.20973E+01
5370.167  0.11996E+01  0.42064E+01  0.22109E+01
5403.000  0.14849E+01  0.39161E+01  0.22033E+01
5435.833  0.17851E+01  0.35195E+01  0.20733E+01
5468.667  0.20942E+01  0.30286E+01  0.18269E+01
5501.500  0.24057E+01  0.24613E+01  0.14779E+01
5534.333  0.27127E+01  0.18410E+01  0.10473E+01
5567.167  0.30084E+01  0.11963E+01  0.56251E+00
5600.000  0.32861E+01  0.55921E+00  0.55621E-01
5600.000  0.32861E+01  0.55921E+00  0.55623E-01
5625.250  0.34675E+01  0.13519E+00 -0.31776E+00
5650.500  0.36289E+01 -0.25896E+00 -0.67798E+00
5675.750  0.37680E+01 -0.60637E+00 -0.10071E+01
5701.000  0.38823E+01 -0.88989E+00 -0.12866E+01
5701.000  0.40985E+01 -0.81139E+00 -0.89241E+00
5724.333  0.42005E+01 -0.10585E+01 -0.11324E+01
5747.667  0.42746E+01 -0.12146E+01 -0.12983E+01
5771.000  0.43196E+01 -0.12712E+01 -0.13802E+01
5771.000  0.43196E+01 -0.12712E+01 -0.13803E+01
5796.000  0.43773E+01 -0.12217E+01 -0.13305E+01
5821.000  0.44011E+01 -0.10426E+01 -0.11687E+01
5846.000  0.43895E+01 -0.73034E+00 -0.89434E+00
5871.000  0.43415E+01 -0.28848E+00 -0.51438E+00
5896.000  0.42567E+01  0.27166E+00 -0.43789E-01
5921.000  0.41351E+01  0.93042E+00  0.49406E+00
5946.000  0.39776E+01  0.16599E+01  0.10678E+01
5971.000  0.37856E+01  0.24245E+01  0.16392E+01
5971.000  0.40178E+01  0.28507E+01  0.20395E+01
5993.500  0.37664E+01  0.34695E+01  0.24659E+01
6016.000  0.34901E+01  0.40055E+01  0.27833E+01
6038.500  0.31933E+01  0.44315E+01  0.29663E+01
6061.000  0.28809E+01  0.47265E+01  0.29966E+01
6083.500  0.25583E+01  0.48767E+01  0.28643E+01
6106.000  0.22310E+01  0.48764E+01  0.25688E+01
6128.500  0.19049E+01  0.47285E+01  0.21190E+01
6151.000  0.15862E+01  0.44445E+01  0.15333E+01
6151.000  0.20545E+01  0.50542E+01  0.21052E+01
6174.333  0.16276E+01  0.45612E+01  0.12184E+01
6197.667  0.12363E+01  0.39385E+01  0.22957E+00
6221.000  0.88924E+00  0.32360E+01 -0.79992E+00
6244.333  0.59382E+00  0.25076E+01 -0.18058E+01
6267.667  0.35606E+00  0.18073E+01 -0.27257E+01
6291.000  0.18049E+00  0.11846E+01 -0.35035E+01
6291.000  0.17374E+00  0.11598E+01 -0.35193E+01
6309.543  0.84357E-01  0.76083E+00 -0.39883E+01
6328.086  0.36174E-01  0.44870E+00 -0.43262E+01
6346.629  0.29419E-01  0.23308E+00 -0.45230E+01
6346.629  0.67022E-04  0.21608E+00 -0.38843E+01
6351.314  0.23583E-02  0.17285E+00 -0.39194E+01
6356.000  0.79080E-02  0.13653E+00 -0.39441E+01
6356.000  0.22636E-03  0.11869E+00 -0.35414E+01
6362.000  0.53366E-02  0.77834E-01 -0.35708E+01
6368.000  0.17163E-01  0.52443E-01 -0.35776E+01
6368.000  0.56125E-02  0.00000E+00 -0.83366E+00
6369.500  0.14043E-02  0.00000E+00 -0.83749E+00
6371.000  0.00000E+00  0.00000E+00 -0.83853E+00
