0.000 0.00000E+00
22.620 0.00000E+00
45.240 0.00000E+00
67.861 0.00000E+00
90.481 0.00000E+00
113.101 0.00000E+00
135.721 0.00000E+00
158.341 0.00000E+00
180.962 0.00000E+00
203.582 0.00000E+00
226.202 0.00000E+00
248.822 0.00000E+00
271.442 0.00000E+00
294.063 0.00000E+00
316.683 0.00000E+00
339.303 0.00000E+00
361.923 0.00000E+00
384.543 0.00000E+00
407.164 0.00000E+00
429.784 0.00000E+00
452.404 0.00000E+00
475.024 0.00000E+00
497.644 0.00000E+00
520.265 0.00000E+00
542.885 0.00000E+00
565.505 0.00000E+00
588.125 0.00000E+00
610.745 0.00000E+00
633.366 0.00000E+00
655.986 0.00000E+00
678.606 0.00000E+00
701.226 0.00000E+00
723.846 0.00000E+00
746.467 0.00000E+00
769.087 0.00000E+00
791.707 0.00000E+00
814.327 0.00000E+00
836.947 0.00000E+00
859.568 0.00000E+00
882.188 0.00000E+00
904.808 0.00000E+00
927.428 0.00000E+00
950.048 0.00000E+00
972.669 0.00000E+00
995.289 0.00000E+00
1017.909 0.00000E+00
1040.529 0.00000E+00
1063.149 0.00000E+00
1085.770 0.00000E+00
1108.390 0.00000E+00
1131.010 0.00000E+00
1153.630 0.00000E+00
1176.250 0.00000E+00
1198.871 0.00000E+00
1221.491 0.00000E+00
1221.491 0.00000E+00
1264.103 0.00000E+00
1306.716 0.00000E+00
1349.328 0.00000E+00
1391.941 0.00000E+00
1434.554 0.00000E+00
1477.166 0.00000E+00
1519.779 0.00000E+00
1562.391 0.00000E+00
1605.004 0.00000E+00
1647.617 0.65114E-07
1690.229 0.99666E-07
1732.842 0.16320E-06
1775.454 0.27883E-06
1818.067 0.48676E-06
1860.679 0.85586E-06
1903.292 0.15029E-05
1945.905 0.26228E-05
1988.517 0.45375E-05
2031.130 0.77719E-05
2073.742 0.13174E-04
2116.355 0.22097E-04
2158.968 0.36681E-04
2201.580 0.60269E-04
2244.193 0.98050E-04
2286.805 0.15799E-03
2329.418 0.25222E-03
2372.031 0.39902E-03
2414.643 0.62579E-03
2457.256 0.97321E-03
2499.868 0.15012E-02
2542.481 0.22973E-02
2585.094 0.34887E-02
2627.706 0.52588E-02
2670.319 0.78697E-02
2712.931 0.11695E-01
2755.544 0.17261E-01
2798.156 0.25307E-01
2840.769 0.36866E-01
2883.382 0.53367E-01
2925.994 0.76782E-01
2968.607 0.10981E+00
3011.219 0.15613E+00
3053.832 0.22072E+00
3096.444 0.31031E+00
3139.057 0.43387E+00
3181.670 0.60340E+00
3224.282 0.83476E+00
3266.895 0.11489E+01
3309.508 0.15733E+01
3352.120 0.21438E+01
3394.733 0.29068E+01
3437.345 0.39224E+01
3479.958 0.52678E+01
3479.958 0.13002E+02
3517.468 0.99669E+01
3554.979 0.76387E+01
3592.490 0.58486E+01
3630.000 0.44691E+01
3630.000 0.44691E+01
3662.833 0.35431E+01
3695.667 0.28094E+01
3728.500 0.22275E+01
3761.333 0.17655E+01
3794.167 0.13984E+01
3827.000 0.11066E+01
3859.833 0.87449E+00
3892.667 0.68982E+00
3925.500 0.54292E+00
3958.333 0.42609E+00
3991.167 0.33323E+00
4024.000 0.25951E+00
4056.833 0.20105E+00
4089.667 0.15480E+00
4122.500 0.11828E+00
4155.333 0.89558E-01
4188.167 0.67055E-01
4221.000 0.49518E-01
4253.833 0.35947E-01
4286.667 0.25538E-01
4319.500 0.17642E-01
4352.333 0.11746E-01
4385.167 0.74342E-02
4418.000 0.43724E-02
4450.833 0.22922E-02
4483.667 0.98065E-03
4516.500 0.26531E-03
4549.333 0.69632E-05
4582.167 0.95453E-04
4615.000 0.44223E-03
4647.833 0.97805E-03
4680.667 0.16449E-02
4713.500 0.23984E-02
4746.333 0.32036E-02
4779.167 0.40327E-02
4812.000 0.48634E-02
4844.833 0.56794E-02
4877.667 0.64678E-02
4910.500 0.72192E-02
4943.333 0.79261E-02
4976.167 0.85850E-02
5009.000 0.91919E-02
5041.833 0.97459E-02
5074.667 0.10247E-01
5107.500 0.10695E-01
5140.333 0.11093E-01
5173.167 0.11443E-01
5206.000 0.11748E-01
5238.833 0.12014E-01
5271.667 0.12242E-01
5304.500 0.12441E-01
5337.333 0.12612E-01
5370.167 0.12765E-01
5403.000 0.12905E-01
5435.833 0.13040E-01
5468.667 0.13178E-01
5501.500 0.13326E-01
5534.333 0.13494E-01
5567.167 0.13693E-01
5600.000 0.13932E-01
5600.000 0.13932E-01
5625.250 0.11298E-01
5650.500 0.89718E-02
5675.750 0.69476E-02
5701.000 0.52199E-02
5701.000 0.68363E-02
5724.333 0.61852E-02
5747.667 0.55696E-02
5771.000 0.49830E-02
5771.000 0.49837E-02
5796.000 0.68548E-02
5821.000 0.89624E-02
5846.000 0.11259E-01
5871.000 0.13688E-01
5896.000 0.16177E-01
5921.000 0.18645E-01
5946.000 0.21002E-01
5971.000 0.23150E-01
5971.000 0.47315E-01
5993.500 0.43461E-01
6016.000 0.39603E-01
6038.500 0.35742E-01
6061.000 0.31884E-01
6083.500 0.28043E-01
6106.000 0.24241E-01
6128.500 0.20509E-01
6151.000 0.16886E-01
6151.000 0.66218E-01
6174.333 0.56694E-01
6197.667 0.47027E-01
6221.000 0.37442E-01
6244.333 0.28241E-01
6267.667 0.19790E-01
6291.000 0.12505E-01
6291.000 0.12377E-01
6309.543 0.79291E-02
6328.086 0.46306E-02
6346.629 0.27250E-02
6346.629 0.25319E-05
6351.314 0.75816E-04
6356.000 0.25088E-03
6356.000 0.16415E-04
6362.000 0.76247E-04
6368.000 0.46422E-03
6368.000 0.53246E-03
6369.500 0.13315E-03
6371.000 0.00000E+00
