0.000 0.00000E+00
22.620 0.00000E+00
45.240 0.00000E+00
67.861 0.00000E+00
90.481 0.00000E+00
113.101 0.00000E+00
135.721 0.00000E+00
158.341 0.00000E+00
180.962 0.00000E+00
203.582 0.00000E+00
226.202 0.00000E+00
248.822 0.00000E+00
271.442 0.00000E+00
294.063 0.00000E+00
316.683 0.00000E+00
339.303 0.00000E+00
361.923 0.00000E+00
384.543 0.00000E+00
407.164 0.00000E+00
429.784 0.00000E+00
452.404 0.00000E+00
475.024 0.00000E+00
497.644 0.00000E+00
520.265 0.00000E+00
542.885 0.00000E+00
565.505 0.00000E+00
588.125 0.00000E+00
610.745 0.00000E+00
633.366 0.00000E+00
655.986 0.00000E+00
678.606 0.00000E+00
701.226 0.00000E+00
723.846 0.00000E+00
746.467 0.00000E+00
769.087 0.00000E+00
791.707 0.00000E+00
814.327 0.00000E+00
836.947 0.00000E+00
859.568 0.00000E+00
882.188 0.00000E+00
904.808 0.00000E+00
927.428 0.00000E+00
950.048 0.00000E+00
972.669 0.00000E+00
995.289 0.00000E+00
1017.909 0.00000E+00
1040.529 0.00000E+00
1063.149 0.00000E+00
1085.770 0.00000E+00
1108.390 0.00000E+00
1131.010 0.00000E+00
1153.630 0.00000E+00
1176.250 0.00000E+00
1198.871 0.00000E+00
1221.491 0.00000E+00
1221.491 0.00000E+00
1264.103 0.00000E+00
1306.716 0.00000E+00
1349.328 0.00000E+00
1391.941 0.00000E+00
1434.554 0.00000E+00
1477.166 0.00000E+00
1519.779 0.00000E+00
1562.391 0.00000E+00
1605.004 0.00000E+00
1647.617 0.00000E+00
1690.229 0.00000E+00
1732.842 0.00000E+00
1775.454 0.00000E+00
1818.067 0.00000E+00
1860.679 0.00000E+00
1903.292 0.00000E+00
1945.905 0.00000E+00
1988.517 0.00000E+00
2031.130 0.00000E+00
2073.742 0.00000E+00
2116.355 0.00000E+00
2158.968 0.00000E+00
2201.580 0.00000E+00
2244.193 0.00000E+00
2286.805 0.00000E+00
2329.418 0.00000E+00
2372.031 0.00000E+00
2414.643 0.00000E+00
2457.256 0.00000E+00
2499.868 0.00000E+00
2542.481 0.00000E+00
2585.094 0.00000E+00
2627.706 0.00000E+00
2670.319 0.00000E+00
2712.931 0.00000E+00
2755.544 0.00000E+00
2798.156 0.00000E+00
2840.769 0.00000E+00
2883.382 0.92526E-07
2925.994 0.12215E-06
2968.607 0.17133E-06
3011.219 0.25301E-06
3053.832 0.38827E-06
3096.444 0.61123E-06
3139.057 0.97676E-06
3181.670 0.15723E-05
3224.282 0.25366E-05
3266.895 0.40877E-05
3309.508 0.65668E-05
3352.120 0.10504E-04
3394.733 0.16716E-04
3437.345 0.26457E-04
3479.958 0.41640E-04
3479.958 0.72011E-03
3517.468 0.47974E-03
3554.979 0.31727E-03
3592.490 0.20732E-03
3630.000 0.13294E-03
3630.000 0.13294E-03
3662.833 0.87735E-04
3695.667 0.55996E-04
3728.500 0.33915E-04
3761.333 0.18848E-04
3794.167 0.89757E-05
3827.000 0.30699E-05
3859.833 0.33507E-06
3892.667 0.30426E-06
3925.500 0.27664E-05
3958.333 0.77311E-05
3991.167 0.15406E-04
4024.000 0.26186E-04
4056.833 0.40697E-04
4089.667 0.59764E-04
4122.500 0.84511E-04
4155.333 0.11639E-03
4188.167 0.15722E-03
4221.000 0.20934E-03
4253.833 0.27569E-03
4286.667 0.35987E-03
4319.500 0.46648E-03
4352.333 0.60114E-03
4385.167 0.77092E-03
4418.000 0.98444E-03
4450.833 0.12524E-02
4483.667 0.15879E-02
4516.500 0.20071E-02
4549.333 0.25295E-02
4582.167 0.31797E-02
4615.000 0.39866E-02
4647.833 0.49859E-02
4680.667 0.62207E-02
4713.500 0.77438E-02
4746.333 0.96180E-02
4779.167 0.11919E-01
4812.000 0.14738E-01
4844.833 0.18185E-01
4877.667 0.22391E-01
4910.500 0.27510E-01
4943.333 0.33730E-01
4976.167 0.41270E-01
5009.000 0.50391E-01
5041.833 0.61403E-01
5074.667 0.74669E-01
5107.500 0.90617E-01
5140.333 0.10975E+00
5173.167 0.13265E+00
5206.000 0.16002E+00
5238.833 0.19264E+00
5271.667 0.23145E+00
5304.500 0.27753E+00
5337.333 0.33213E+00
5370.167 0.39669E+00
5403.000 0.47286E+00
5435.833 0.56255E+00
5468.667 0.66794E+00
5501.500 0.79152E+00
5534.333 0.93613E+00
5567.167 0.11050E+01
5600.000 0.13018E+01
5600.000 0.13018E+01
5625.250 0.15067E+01
5650.500 0.17241E+01
5675.750 0.19536E+01
5701.000 0.21948E+01
5701.000 0.30373E+01
5724.333 0.31127E+01
5747.667 0.32072E+01
5771.000 0.33208E+01
5771.000 0.33208E+01
5796.000 0.35752E+01
5821.000 0.38393E+01
5846.000 0.41113E+01
5871.000 0.43894E+01
5896.000 0.46709E+01
5921.000 0.49529E+01
5946.000 0.52320E+01
5971.000 0.55042E+01
5971.000 0.60147E+01
5993.500 0.60840E+01
6016.000 0.61698E+01
6038.500 0.62707E+01
6061.000 0.63857E+01
6083.500 0.65135E+01
6106.000 0.66531E+01
6128.500 0.68034E+01
6151.000 0.69635E+01
6151.000 0.74983E+01
6174.333 0.73758E+01
6197.667 0.73092E+01
6221.000 0.73117E+01
6244.333 0.73989E+01
6267.667 0.75887E+01
6291.000 0.79010E+01
6291.000 0.82810E+01
6309.543 0.86942E+01
6328.086 0.92172E+01
6346.629 0.98638E+01
6346.629 0.63889E+01
6351.314 0.63654E+01
6356.000 0.63420E+01
6356.000 0.37657E+01
6362.000 0.36599E+01
6368.000 0.35547E+01
6368.000 0.66062E-02
6369.500 0.16520E-02
6371.000 0.00000E+00
