0.000 0.00000E+00
22.620 0.00000E+00
45.240 0.00000E+00
67.861 0.00000E+00
90.481 0.00000E+00
113.101 0.00000E+00
135.721 0.00000E+00
158.341 0.00000E+00
180.962 0.00000E+00
203.582 0.00000E+00
226.202 0.00000E+00
248.822 0.00000E+00
271.442 0.00000E+00
294.063 0.00000E+00
316.683 0.00000E+00
339.303 0.00000E+00
361.923 0.00000E+00
384.543 0.00000E+00
407.164 0.00000E+00
429.784 0.00000E+00
452.404 0.00000E+00
475.024 0.00000E+00
497.644 0.00000E+00
520.265 0.00000E+00
542.885 0.00000E+00
565.505 0.00000E+00
588.125 0.00000E+00
610.745 0.00000E+00
633.366 0.00000E+00
655.986 0.00000E+00
678.606 0.00000E+00
701.226 0.00000E+00
723.846 0.00000E+00
746.467 0.00000E+00
769.087 0.00000E+00
791.707 0.00000E+00
814.327 0.00000E+00
836.947 0.00000E+00
859.568 0.00000E+00
882.188 0.00000E+00
904.808 0.00000E+00
927.428 0.00000E+00
950.048 0.00000E+00
972.669 0.00000E+00
995.289 0.00000E+00
1017.909 0.00000E+00
1040.529 0.00000E+00
1063.149 0.00000E+00
1085.770 0.00000E+00
1108.390 0.00000E+00
1131.010 0.00000E+00
1153.630 0.00000E+00
1176.250 0.00000E+00
1198.871 0.00000E+00
1221.491 0.00000E+00
1221.491 0.00000E+00
1264.103 0.30833E-08
1306.716 0.45910E-08
1349.328 0.76550E-08
1391.941 0.13596E-07
1434.554 0.24828E-07
1477.166 0.45669E-07
1519.779 0.83639E-07
1562.391 0.15166E-06
1605.004 0.27160E-06
1647.617 0.47979E-06
1690.229 0.83611E-06
1732.842 0.14374E-05
1775.454 0.24385E-05
1818.067 0.40849E-05
1860.679 0.67595E-05
1903.292 0.11055E-04
1945.905 0.17878E-04
1988.517 0.28602E-04
2031.130 0.45288E-04
2073.742 0.71003E-04
2116.355 0.11026E-03
2158.968 0.16966E-03
2201.580 0.25876E-03
2244.193 0.39132E-03
2286.805 0.58697E-03
2329.418 0.87352E-03
2372.031 0.12901E-02
2414.643 0.18915E-02
2457.256 0.27534E-02
2499.868 0.39808E-02
2542.481 0.57169E-02
2585.094 0.81577E-02
2627.706 0.11568E-01
2670.319 0.16305E-01
2712.931 0.22847E-01
2755.544 0.31831E-01
2798.156 0.44104E-01
2840.769 0.60778E-01
2883.382 0.83318E-01
2925.994 0.11363E+00
2968.607 0.15421E+00
3011.219 0.20826E+00
3053.832 0.27991E+00
3096.444 0.37449E+00
3139.057 0.49875E+00
3181.670 0.66130E+00
3224.282 0.87303E+00
3266.895 0.11477E+01
3309.508 0.15024E+01
3352.120 0.19587E+01
3394.733 0.25434E+01
3437.345 0.32895E+01
3479.958 0.42379E+01
3479.958 0.10019E+02
3517.468 0.79889E+01
3554.979 0.63681E+01
3592.490 0.50714E+01
3630.000 0.40322E+01
3630.000 0.40322E+01
3662.833 0.33096E+01
3695.667 0.27174E+01
3728.500 0.22316E+01
3761.333 0.18327E+01
3794.167 0.15051E+01
3827.000 0.12357E+01
3859.833 0.10142E+01
3892.667 0.83195E+00
3925.500 0.68202E+00
3958.333 0.55864E+00
3991.167 0.45714E+00
4024.000 0.37366E+00
4056.833 0.30504E+00
4089.667 0.24867E+00
4122.500 0.20240E+00
4155.333 0.16446E+00
4188.167 0.13341E+00
4221.000 0.10801E+00
4253.833 0.87292E-01
4286.667 0.70419E-01
4319.500 0.56712E-01
4352.333 0.45604E-01
4385.167 0.36632E-01
4418.000 0.29407E-01
4450.833 0.23608E-01
4483.667 0.18974E-01
4516.500 0.15286E-01
4549.333 0.12364E-01
4582.167 0.10064E-01
4615.000 0.82616E-02
4647.833 0.68623E-02
4680.667 0.57857E-02
4713.500 0.49711E-02
4746.333 0.43661E-02
4779.167 0.39344E-02
4812.000 0.36466E-02
4844.833 0.34817E-02
4877.667 0.34269E-02
4910.500 0.34739E-02
4943.333 0.36216E-02
4976.167 0.38646E-02
5009.000 0.42128E-02
5041.833 0.46726E-02
5074.667 0.52510E-02
5107.500 0.59598E-02
5140.333 0.68121E-02
5173.167 0.78186E-02
5206.000 0.89941E-02
5238.833 0.10351E-01
5271.667 0.11901E-01
5304.500 0.13656E-01
5337.333 0.15623E-01
5370.167 0.17814E-01
5403.000 0.20230E-01
5435.833 0.22874E-01
5468.667 0.25744E-01
5501.500 0.28837E-01
5534.333 0.32139E-01
5567.167 0.35640E-01
5600.000 0.39318E-01
5600.000 0.39318E-01
5625.250 0.47387E-01
5650.500 0.55827E-01
5675.750 0.64521E-01
5701.000 0.73343E-01
5701.000 0.18361E+00
5724.333 0.18345E+00
5747.667 0.18325E+00
5771.000 0.18297E+00
5771.000 0.18297E+00
5796.000 0.19667E+00
5821.000 0.20993E+00
5846.000 0.22255E+00
5871.000 0.23432E+00
5896.000 0.24501E+00
5921.000 0.25440E+00
5946.000 0.26224E+00
5971.000 0.26830E+00
5971.000 0.32535E+00
5993.500 0.31633E+00
6016.000 0.30679E+00
6038.500 0.29670E+00
6061.000 0.28604E+00
6083.500 0.27480E+00
6106.000 0.26298E+00
6128.500 0.25058E+00
6151.000 0.23762E+00
6151.000 0.30297E+00
6174.333 0.27124E+00
6197.667 0.24112E+00
6221.000 0.21310E+00
6244.333 0.18764E+00
6267.667 0.16523E+00
6291.000 0.14636E+00
6291.000 0.15044E+00
6309.543 0.13919E+00
6328.086 0.13064E+00
6346.629 0.12500E+00
6346.629 0.91345E-01
6351.314 0.87115E-01
6356.000 0.82970E-01
6356.000 0.53485E-01
6362.000 0.47678E-01
6368.000 0.42182E-01
6368.000 0.52478E-03
6369.500 0.13122E-03
6371.000 0.00000E+00
