0.000 0.00000E+00
22.620 0.00000E+00
45.240 0.00000E+00
67.861 0.00000E+00
90.481 0.00000E+00
113.101 0.00000E+00
135.721 0.00000E+00
158.341 0.00000E+00
180.962 0.00000E+00
203.582 0.00000E+00
226.202 0.00000E+00
248.822 0.00000E+00
271.442 0.00000E+00
294.063 0.00000E+00
316.683 0.00000E+00
339.303 0.00000E+00
361.923 0.00000E+00
384.543 0.00000E+00
407.164 0.00000E+00
429.784 0.00000E+00
452.404 0.00000E+00
475.024 0.00000E+00
497.644 0.00000E+00
520.265 0.00000E+00
542.885 0.00000E+00
565.505 0.00000E+00
588.125 0.00000E+00
610.745 0.00000E+00
633.366 0.00000E+00
655.986 0.00000E+00
678.606 0.00000E+00
701.226 0.00000E+00
723.846 0.00000E+00
746.467 0.00000E+00
769.087 0.00000E+00
791.707 0.00000E+00
814.327 0.00000E+00
836.947 0.00000E+00
859.568 0.00000E+00
882.188 0.00000E+00
904.808 0.00000E+00
927.428 0.00000E+00
950.048 0.00000E+00
972.669 0.00000E+00
995.289 0.00000E+00
1017.909 0.00000E+00
1040.529 0.00000E+00
1063.149 0.00000E+00
1085.770 0.00000E+00
1108.390 0.00000E+00
1131.010 0.00000E+00
1153.630 0.00000E+00
1176.250 0.00000E+00
1198.871 0.00000E+00
1221.491 0.00000E+00
1221.491 0.00000E+00
1264.103 0.00000E+00
1306.716 0.00000E+00
1349.328 0.00000E+00
1391.941 0.00000E+00
1434.554 0.00000E+00
1477.166 0.00000E+00
1519.779 0.00000E+00
1562.391 0.00000E+00
1605.004 0.46707E-07
1647.617 0.10165E-06
1690.229 0.20226E-06
1732.842 0.38306E-06
1775.454 0.70220E-06
1818.067 0.12561E-05
1860.679 0.22023E-05
1903.292 0.37939E-05
1945.905 0.64327E-05
1988.517 0.10746E-04
2031.130 0.17703E-04
2073.742 0.28775E-04
2116.355 0.46177E-04
2158.968 0.73192E-04
2201.580 0.11463E-03
2244.193 0.17747E-03
2286.805 0.27167E-03
2329.418 0.41134E-03
2372.031 0.61621E-03
2414.643 0.91355E-03
2457.256 0.13406E-02
2499.868 0.19479E-02
2542.481 0.28027E-02
2585.094 0.39940E-02
2627.706 0.56383E-02
2670.319 0.78860E-02
2712.931 0.10929E-01
2755.544 0.15009E-01
2798.156 0.20429E-01
2840.769 0.27560E-01
2883.382 0.36852E-01
2925.994 0.48845E-01
2968.607 0.64175E-01
3011.219 0.83580E-01
3053.832 0.10790E+00
3096.444 0.13806E+00
3139.057 0.17510E+00
3181.670 0.22008E+00
3224.282 0.27411E+00
3266.895 0.33826E+00
3309.508 0.41352E+00
3352.120 0.50066E+00
3394.733 0.60022E+00
3437.345 0.71229E+00
3479.958 0.83644E+00
3479.958 0.20867E-02
3517.468 0.10776E-02
3554.979 0.42298E-03
3592.490 0.74389E-04
3630.000 0.10139E-04
3630.000 0.10139E-04
3662.833 0.11219E-03
3695.667 0.33223E-03
3728.500 0.69654E-03
3761.333 0.12361E-02
3794.167 0.19996E-02
3827.000 0.30499E-02
3859.833 0.44662E-02
3892.667 0.63503E-02
3925.500 0.88280E-02
3958.333 0.12052E-01
3991.167 0.16207E-01
4024.000 0.21512E-01
4056.833 0.28228E-01
4089.667 0.36656E-01
4122.500 0.47147E-01
4155.333 0.60099E-01
4188.167 0.75967E-01
4221.000 0.95257E-01
4253.833 0.11853E+00
4286.667 0.14642E+00
4319.500 0.17958E+00
4352.333 0.21875E+00
4385.167 0.26471E+00
4418.000 0.31827E+00
4450.833 0.38028E+00
4483.667 0.45164E+00
4516.500 0.53323E+00
4549.333 0.62596E+00
4582.167 0.73072E+00
4615.000 0.84837E+00
4647.833 0.97974E+00
4680.667 0.11256E+01
4713.500 0.12866E+01
4746.333 0.14633E+01
4779.167 0.16562E+01
4812.000 0.18657E+01
4844.833 0.20918E+01
4877.667 0.23347E+01
4910.500 0.25940E+01
4943.333 0.28695E+01
4976.167 0.31605E+01
5009.000 0.34662E+01
5041.833 0.37856E+01
5074.667 0.41173E+01
5107.500 0.44599E+01
5140.333 0.48116E+01
5173.167 0.51704E+01
5206.000 0.55342E+01
5238.833 0.59005E+01
5271.667 0.62668E+01
5304.500 0.66303E+01
5337.333 0.69880E+01
5370.167 0.73370E+01
5403.000 0.76740E+01
5435.833 0.79958E+01
5468.667 0.82989E+01
5501.500 0.85799E+01
5534.333 0.88354E+01
5567.167 0.90619E+01
5600.000 0.92559E+01
5600.000 0.92559E+01
5625.250 0.92354E+01
5650.500 0.91972E+01
5675.750 0.91407E+01
5701.000 0.90656E+01
5701.000 0.87199E+01
5724.333 0.87158E+01
5747.667 0.86812E+01
5771.000 0.86154E+01
5771.000 0.86153E+01
5796.000 0.85506E+01
5821.000 0.84605E+01
5846.000 0.83425E+01
5871.000 0.81943E+01
5896.000 0.80135E+01
5921.000 0.77977E+01
5946.000 0.75444E+01
5971.000 0.72515E+01
5971.000 0.78128E+01
5993.500 0.73836E+01
6016.000 0.69173E+01
6038.500 0.64180E+01
6061.000 0.58910E+01
6083.500 0.53422E+01
6106.000 0.47781E+01
6128.500 0.42063E+01
6151.000 0.36347E+01
6151.000 0.48363E+01
6174.333 0.39850E+01
6197.667 0.31764E+01
6221.000 0.24278E+01
6244.333 0.17556E+01
6267.667 0.11750E+01
6291.000 0.69961E+00
6291.000 0.68405E+00
6309.543 0.39598E+00
6328.086 0.18411E+00
6346.629 0.51874E-01
6346.629 0.82593E-01
6351.314 0.53848E-01
6356.000 0.31191E-01
6356.000 0.44605E-01
6362.000 0.16461E-01
6368.000 0.20482E-02
6368.000 0.13113E-01
6369.500 0.32813E-02
6371.000 0.00000E+00
