0.000 0.00000E+00
22.620 0.00000E+00
45.240 0.00000E+00
67.861 0.00000E+00
90.481 0.00000E+00
113.101 0.00000E+00
135.721 0.00000E+00
158.341 0.00000E+00
180.962 0.00000E+00
203.582 0.00000E+00
226.202 0.00000E+00
248.822 0.00000E+00
271.442 0.00000E+00
294.063 0.00000E+00
316.683 0.00000E+00
339.303 0.00000E+00
361.923 0.00000E+00
384.543 0.00000E+00
407.164 0.00000E+00
429.784 0.00000E+00
452.404 0.00000E+00
475.024 0.00000E+00
497.644 0.00000E+00
520.265 0.00000E+00
542.885 0.00000E+00
565.505 0.00000E+00
588.125 0.00000E+00
610.745 0.00000E+00
633.366 0.00000E+00
655.986 0.00000E+00
678.606 0.00000E+00
701.226 0.00000E+00
723.846 0.00000E+00
746.467 0.00000E+00
769.087 0.00000E+00
791.707 0.00000E+00
814.327 0.00000E+00
836.947 0.00000E+00
859.568 0.00000E+00
882.188 0.00000E+00
904.808 0.00000E+00
927.428 0.00000E+00
950.048 0.00000E+00
972.669 0.00000E+00
995.289 0.00000E+00
1017.909 0.00000E+00
1040.529 0.00000E+00
1063.149 0.00000E+00
1085.770 0.00000E+00
1108.390 0.00000E+00
1131.010 0.00000E+00
1153.630 0.00000E+00
1176.250 0.00000E+00
1198.871 0.00000E+00
1221.491 0.00000E+00
1221.491 0.00000E+00
1264.103 0.00000E+00
1306.716 0.00000E+00
1349.328 0.00000E+00
1391.941 0.00000E+00
1434.554 0.00000E+00
1477.166 0.00000E+00
1519.779 0.00000E+00
1562.391 0.00000E+00
1605.004 0.00000E+00
1647.617 0.00000E+00
1690.229 0.00000E+00
1732.842 0.00000E+00
1775.454 0.00000E+00
1818.067 0.00000E+00
1860.679 0.00000E+00
1903.292 0.00000E+00
1945.905 0.00000E+00
1988.517 0.00000E+00
2031.130 0.00000E+00
2073.742 0.00000E+00
2116.355 0.00000E+00
2158.968 0.00000E+00
2201.580 0.00000E+00
2244.193 0.00000E+00
2286.805 0.00000E+00
2329.418 0.00000E+00
2372.031 0.00000E+00
2414.643 0.00000E+00
2457.256 0.00000E+00
2499.868 0.00000E+00
2542.481 0.00000E+00
2585.094 0.00000E+00
2627.706 0.00000E+00
2670.319 0.00000E+00
2712.931 0.00000E+00
2755.544 0.00000E+00
2798.156 0.00000E+00
2840.769 0.00000E+00
2883.382 0.00000E+00
2925.994 0.28454E-06
2968.607 0.45687E-06
3011.219 0.73830E-06
3053.832 0.11947E-05
3096.444 0.19302E-05
3139.057 0.31070E-05
3181.670 0.49778E-05
3224.282 0.79320E-05
3266.895 0.12567E-04
3309.508 0.19794E-04
3352.120 0.30991E-04
3394.733 0.48236E-04
3437.345 0.74634E-04
3479.958 0.11481E-03
3479.958 0.18465E-02
3517.468 0.12542E-02
3554.979 0.84691E-03
3592.490 0.56607E-03
3630.000 0.37219E-03
3630.000 0.37219E-03
3662.833 0.25211E-03
3695.667 0.16614E-03
3728.500 0.10500E-03
3761.333 0.62137E-04
3794.167 0.32931E-04
3827.000 0.14165E-04
3859.833 0.36593E-05
3892.667 0.19740E-07
3925.500 0.24630E-05
3958.333 0.10690E-04
3991.167 0.24850E-04
4024.000 0.45483E-04
4056.833 0.73527E-04
4089.667 0.11035E-03
4122.500 0.15778E-03
4155.333 0.21822E-03
4188.167 0.29471E-03
4221.000 0.39097E-03
4253.833 0.51174E-03
4286.667 0.66286E-03
4319.500 0.85145E-03
4352.333 0.10863E-02
4385.167 0.13780E-02
4418.000 0.17398E-02
4450.833 0.21873E-02
4483.667 0.27400E-02
4516.500 0.34209E-02
4549.333 0.42581E-02
4582.167 0.52856E-02
4615.000 0.65436E-02
4647.833 0.80811E-02
4680.667 0.99560E-02
4713.500 0.12238E-01
4746.333 0.15009E-01
4779.167 0.18368E-01
4812.000 0.22431E-01
4844.833 0.27335E-01
4877.667 0.33243E-01
4910.500 0.40346E-01
4943.333 0.48866E-01
4976.167 0.59069E-01
5009.000 0.71261E-01
5041.833 0.85800E-01
5074.667 0.10310E+00
5107.500 0.12366E+00
5140.333 0.14802E+00
5173.167 0.17684E+00
5206.000 0.21086E+00
5238.833 0.25095E+00
5271.667 0.29809E+00
5304.500 0.35341E+00
5337.333 0.41820E+00
5370.167 0.49393E+00
5403.000 0.58227E+00
5435.833 0.68511E+00
5468.667 0.80458E+00
5501.500 0.94310E+00
5534.333 0.11034E+01
5567.167 0.12885E+01
5600.000 0.15018E+01
5600.000 0.15018E+01
5625.250 0.17189E+01
5650.500 0.19471E+01
5675.750 0.21857E+01
5701.000 0.24340E+01
5701.000 0.32660E+01
5724.333 0.33484E+01
5747.667 0.34483E+01
5771.000 0.35659E+01
5771.000 0.35659E+01
5796.000 0.38191E+01
5821.000 0.40790E+01
5846.000 0.43438E+01
5871.000 0.46112E+01
5896.000 0.48787E+01
5921.000 0.51434E+01
5946.000 0.54017E+01
5971.000 0.56498E+01
5971.000 0.61022E+01
5993.500 0.61647E+01
6016.000 0.62403E+01
6038.500 0.63281E+01
6061.000 0.64266E+01
6083.500 0.65350E+01
6106.000 0.66521E+01
6128.500 0.67767E+01
6151.000 0.69080E+01
6151.000 0.73330E+01
6174.333 0.72112E+01
6197.667 0.71420E+01
6221.000 0.71370E+01
6244.333 0.72094E+01
6267.667 0.73742E+01
6291.000 0.76477E+01
6291.000 0.80260E+01
6309.543 0.83895E+01
6328.086 0.88482E+01
6346.629 0.94130E+01
6346.629 0.60706E+01
6351.314 0.60437E+01
6356.000 0.60168E+01
6356.000 0.35627E+01
6362.000 0.34627E+01
6368.000 0.33634E+01
6368.000 0.56928E-02
6369.500 0.14236E-02
6371.000 0.00000E+00
