0.000 0.00000E+00
22.620 0.00000E+00
45.240 0.00000E+00
67.861 0.00000E+00
90.481 0.00000E+00
113.101 0.00000E+00
135.721 0.00000E+00
158.341 0.00000E+00
180.962 0.00000E+00
203.582 0.00000E+00
226.202 0.00000E+00
248.822 0.00000E+00
271.442 0.00000E+00
294.063 0.00000E+00
316.683 0.00000E+00
339.303 0.00000E+00
361.923 0.00000E+00
384.543 0.00000E+00
407.164 0.00000E+00
429.784 0.00000E+00
452.404 0.00000E+00
475.024 0.00000E+00
497.644 0.00000E+00
520.265 0.00000E+00
542.885 0.00000E+00
565.505 0.00000E+00
588.125 0.00000E+00
610.745 0.00000E+00
633.366 0.00000E+00
655.986 0.00000E+00
678.606 0.00000E+00
701.226 0.00000E+00
723.846 0.00000E+00
746.467 0.00000E+00
769.087 0.00000E+00
791.707 0.00000E+00
814.327 0.00000E+00
836.947 0.00000E+00
859.568 0.00000E+00
882.188 0.00000E+00
904.808 0.00000E+00
927.428 0.00000E+00
950.048 0.00000E+00
972.669 0.00000E+00
995.289 0.00000E+00
1017.909 0.00000E+00
1040.529 0.00000E+00
1063.149 0.00000E+00
1085.770 0.00000E+00
1108.390 0.00000E+00
1131.010 0.00000E+00
1153.630 0.00000E+00
1176.250 0.00000E+00
1198.871 0.00000E+00
1221.491 0.00000E+00
1221.491 0.00000E+00
1264.103 0.00000E+00
1306.716 0.00000E+00
1349.328 0.00000E+00
1391.941 0.00000E+00
1434.554 0.00000E+00
1477.166 0.00000E+00
1519.779 0.00000E+00
1562.391 0.00000E+00
1605.004 0.00000E+00
1647.617 0.00000E+00
1690.229 0.00000E+00
1732.842 0.00000E+00
1775.454 0.00000E+00
1818.067 0.00000E+00
1860.679 0.00000E+00
1903.292 0.00000E+00
1945.905 0.23048E-06
1988.517 0.35194E-06
2031.130 0.59479E-06
2073.742 0.10747E-05
2116.355 0.20081E-05
2158.968 0.37910E-05
2201.580 0.71338E-05
2244.193 0.13285E-04
2286.805 0.24391E-04
2329.418 0.44079E-04
2372.031 0.78342E-04
2414.643 0.13690E-03
2457.256 0.23520E-03
2499.868 0.39729E-03
2542.481 0.65989E-03
2585.094 0.10779E-02
2627.706 0.17317E-02
2670.319 0.27363E-02
2712.931 0.42530E-02
2755.544 0.65021E-02
2798.156 0.97773E-02
2840.769 0.14460E-01
2883.382 0.21029E-01
2925.994 0.30069E-01
2968.607 0.42260E-01
3011.219 0.58364E-01
3053.832 0.79173E-01
3096.444 0.10544E+00
3139.057 0.13780E+00
3181.670 0.17657E+00
3224.282 0.22165E+00
3266.895 0.27233E+00
3309.508 0.32707E+00
3352.120 0.38343E+00
3394.733 0.43794E+00
3437.345 0.48626E+00
3479.958 0.52338E+00
3479.958 0.12794E-02
3517.468 0.15717E-02
3554.979 0.19939E-02
3592.490 0.26063E-02
3630.000 0.34961E-02
3630.000 0.34960E-02
3662.833 0.43824E-02
3695.667 0.57108E-02
3728.500 0.76551E-02
3761.333 0.10447E-01
3794.167 0.14390E-01
3827.000 0.19864E-01
3859.833 0.27340E-01
3892.667 0.37383E-01
3925.500 0.50660E-01
3958.333 0.67938E-01
3991.167 0.90084E-01
4024.000 0.11806E+00
4056.833 0.15292E+00
4089.667 0.19579E+00
4122.500 0.24788E+00
4155.333 0.31045E+00
4188.167 0.38478E+00
4221.000 0.47224E+00
4253.833 0.57419E+00
4286.667 0.69201E+00
4319.500 0.82712E+00
4352.333 0.98093E+00
4385.167 0.11549E+01
4418.000 0.13504E+01
4450.833 0.15689E+01
4483.667 0.18118E+01
4516.500 0.20804E+01
4549.333 0.23760E+01
4582.167 0.26997E+01
4615.000 0.30525E+01
4647.833 0.34349E+01
4680.667 0.38470E+01
4713.500 0.42885E+01
4746.333 0.47582E+01
4779.167 0.52540E+01
4812.000 0.57728E+01
4844.833 0.63101E+01
4877.667 0.68600E+01
4910.500 0.74150E+01
4943.333 0.79659E+01
4976.167 0.85019E+01
5009.000 0.90102E+01
5041.833 0.94770E+01
5074.667 0.98872E+01
5107.500 0.10225E+02
5140.333 0.10474E+02
5173.167 0.10620E+02
5206.000 0.10649E+02
5238.833 0.10548E+02
5271.667 0.10311E+02
5304.500 0.99333E+01
5337.333 0.94157E+01
5370.167 0.87654E+01
5403.000 0.79952E+01
5435.833 0.71242E+01
5468.667 0.61774E+01
5501.500 0.51853E+01
5534.333 0.41827E+01
5567.167 0.32077E+01
5600.000 0.22998E+01
5600.000 0.22998E+01
5625.250 0.16392E+01
5650.500 0.10700E+01
5675.750 0.60887E+00
5701.000 0.27020E+00
5701.000 0.24806E+00
5724.333 0.56697E-01
5747.667 0.57888E-03
5771.000 0.82083E-01
5771.000 0.82083E-01
5796.000 0.31762E+00
5821.000 0.70306E+00
5846.000 0.12295E+01
5871.000 0.18828E+01
5896.000 0.26432E+01
5921.000 0.34860E+01
5946.000 0.43810E+01
5971.000 0.52935E+01
5971.000 0.53886E+01
5993.500 0.61866E+01
6016.000 0.68979E+01
6038.500 0.74877E+01
6061.000 0.79253E+01
6083.500 0.81855E+01
6106.000 0.82503E+01
6128.500 0.81102E+01
6151.000 0.77655E+01
6151.000 0.98197E+01
6174.333 0.89273E+01
6197.667 0.77652E+01
6221.000 0.64170E+01
6244.333 0.49815E+01
6267.667 0.35662E+01
6291.000 0.22789E+01
6291.000 0.22473E+01
6309.543 0.13972E+01
6328.086 0.72920E+00
6346.629 0.27452E+00
6346.629 0.37691E+00
6351.314 0.27073E+00
6356.000 0.18158E+00
6356.000 0.20339E+00
6362.000 0.96662E-01
6368.000 0.28891E-01
6368.000 0.36500E-01
6369.500 0.91508E-02
6371.000 0.00000E+00
