0.000 0.00000E+00
22.620 0.00000E+00
45.240 0.00000E+00
67.861 0.00000E+00
90.481 0.00000E+00
113.101 0.00000E+00
135.721 0.00000E+00
158.341 0.00000E+00
180.962 0.00000E+00
203.582 0.00000E+00
226.202 0.00000E+00
248.822 0.00000E+00
271.442 0.00000E+00
294.063 0.00000E+00
316.683 0.00000E+00
339.303 0.00000E+00
361.923 0.00000E+00
384.543 0.00000E+00
407.164 0.00000E+00
429.784 0.00000E+00
452.404 0.00000E+00
475.024 0.00000E+00
497.644 0.00000E+00
520.265 0.00000E+00
542.885 0.00000E+00
565.505 0.00000E+00
588.125 0.00000E+00
610.745 0.00000E+00
633.366 0.00000E+00
655.986 0.00000E+00
678.606 0.00000E+00
701.226 0.00000E+00
723.846 0.00000E+00
746.467 0.00000E+00
769.087 0.00000E+00
791.707 0.00000E+00
814.327 0.00000E+00
836.947 0.00000E+00
859.568 0.00000E+00
882.188 0.00000E+00
904.808 0.00000E+00
927.428 0.00000E+00
950.048 0.00000E+00
972.669 0.00000E+00
995.289 0.00000E+00
1017.909 0.00000E+00
1040.529 0.00000E+00
1063.149 0.00000E+00
1085.770 0.00000E+00
1108.390 0.00000E+00
1131.010 0.00000E+00
1153.630 0.00000E+00
1176.250 0.00000E+00
1198.871 0.00000E+00
1221.491 0.00000E+00
1221.491 0.00000E+00
1264.103 0.00000E+00
1306.716 0.00000E+00
1349.328 0.00000E+00
1391.941 0.00000E+00
1434.554 0.00000E+00
1477.166 0.00000E+00
1519.779 0.00000E+00
1562.391 0.00000E+00
1605.004 0.00000E+00
1647.617 0.00000E+00
1690.229 0.00000E+00
1732.842 0.00000E+00
1775.454 0.00000E+00
1818.067 0.00000E+00
1860.679 0.13810E-06
1903.292 0.21499E-06
1945.905 0.35856E-06
1988.517 0.62413E-06
2031.130 0.11098E-05
2073.742 0.19875E-05
2116.355 0.35545E-05
2158.968 0.63185E-05
2201.580 0.11138E-04
2244.193 0.19443E-04
2286.805 0.33604E-04
2329.418 0.57489E-04
2372.031 0.97361E-04
2414.643 0.16326E-03
2457.256 0.27111E-03
2499.868 0.44601E-03
2542.481 0.72704E-03
2585.094 0.11747E-02
2627.706 0.18816E-02
2670.319 0.29887E-02
2712.931 0.47086E-02
2755.544 0.73595E-02
2798.156 0.11414E-01
2840.769 0.17571E-01
2883.382 0.26849E-01
2925.994 0.40735E-01
2968.607 0.61370E-01
3011.219 0.91831E-01
3053.832 0.13649E+00
3096.444 0.20155E+00
3139.057 0.29572E+00
3181.670 0.43117E+00
3224.282 0.62480E+00
3266.895 0.89990E+00
3309.508 0.12884E+01
3352.120 0.18339E+01
3394.733 0.25952E+01
3437.345 0.36516E+01
3479.958 0.51092E+01
3479.958 0.12617E+02
3517.468 0.92986E+01
3554.979 0.68531E+01
3592.490 0.50458E+01
3630.000 0.37066E+01
3630.000 0.37066E+01
3662.833 0.28395E+01
3695.667 0.21755E+01
3728.500 0.16662E+01
3761.333 0.12753E+01
3794.167 0.97490E+00
3827.000 0.74392E+00
3859.833 0.56626E+00
3892.667 0.42961E+00
3925.500 0.32454E+00
3958.333 0.24381E+00
3991.167 0.18187E+00
4024.000 0.13446E+00
4056.833 0.98269E-01
4089.667 0.70772E-01
4122.500 0.50003E-01
4155.333 0.34449E-01
4188.167 0.22936E-01
4221.000 0.14560E-01
4253.833 0.86170E-02
4286.667 0.45649E-02
4319.500 0.19848E-02
4352.333 0.55194E-03
4385.167 0.17005E-04
4418.000 0.18904E-03
4450.833 0.92079E-03
4483.667 0.21020E-02
4516.500 0.36487E-02
4549.333 0.54995E-02
4582.167 0.76100E-02
4615.000 0.99488E-02
4647.833 0.12495E-01
4680.667 0.15238E-01
4713.500 0.18172E-01
4746.333 0.21297E-01
4779.167 0.24619E-01
4812.000 0.28147E-01
4844.833 0.31892E-01
4877.667 0.35870E-01
4910.500 0.40098E-01
4943.333 0.44597E-01
4976.167 0.49389E-01
5009.000 0.54497E-01
5041.833 0.59950E-01
5074.667 0.65775E-01
5107.500 0.72005E-01
5140.333 0.78674E-01
5173.167 0.85819E-01
5206.000 0.93481E-01
5238.833 0.10170E+00
5271.667 0.11053E+00
5304.500 0.12003E+00
5337.333 0.13024E+00
5370.167 0.14124E+00
5403.000 0.15309E+00
5435.833 0.16588E+00
5468.667 0.17968E+00
5501.500 0.19461E+00
5534.333 0.21076E+00
5567.167 0.22827E+00
5600.000 0.24726E+00
5600.000 0.24726E+00
5625.250 0.24564E+00
5650.500 0.24345E+00
5675.750 0.24073E+00
5701.000 0.23754E+00
5701.000 0.77713E-01
5724.333 0.85999E-01
5747.667 0.94729E-01
5771.000 0.10395E+00
5771.000 0.10395E+00
5796.000 0.98652E-01
5821.000 0.93167E-01
5846.000 0.87600E-01
5871.000 0.82069E-01
5896.000 0.76686E-01
5921.000 0.71565E-01
5946.000 0.66811E-01
5971.000 0.62532E-01
5971.000 0.17399E-01
5993.500 0.22899E-01
6016.000 0.29301E-01
6038.500 0.36699E-01
6061.000 0.45216E-01
6083.500 0.54988E-01
6106.000 0.66169E-01
6128.500 0.78949E-01
6151.000 0.93534E-01
6151.000 0.12186E+00
6174.333 0.16591E+00
6197.667 0.20814E+00
6221.000 0.24789E+00
6244.333 0.28489E+00
6267.667 0.31923E+00
6291.000 0.35137E+00
6291.000 0.38298E+00
6309.543 0.40738E+00
6328.086 0.43101E+00
6346.629 0.45450E+00
6346.629 0.21519E+00
6351.314 0.22688E+00
6356.000 0.23889E+00
6356.000 0.11443E+00
6362.000 0.12972E+00
6368.000 0.14594E+00
6368.000 0.15880E-02
6369.500 0.39713E-03
6371.000 0.00000E+00
