0.000 0.00000E+00
22.620 0.00000E+00
45.240 0.00000E+00
67.861 0.00000E+00
90.481 0.00000E+00
113.101 0.00000E+00
135.721 0.00000E+00
158.341 0.00000E+00
180.962 0.00000E+00
203.582 0.00000E+00
226.202 0.00000E+00
248.822 0.00000E+00
271.442 0.00000E+00
294.063 0.00000E+00
316.683 0.00000E+00
339.303 0.00000E+00
361.923 0.00000E+00
384.543 0.00000E+00
407.164 0.00000E+00
429.784 0.00000E+00
452.404 0.00000E+00
475.024 0.00000E+00
497.644 0.00000E+00
520.265 0.00000E+00
542.885 0.00000E+00
565.505 0.00000E+00
588.125 0.00000E+00
610.745 0.00000E+00
633.366 0.00000E+00
655.986 0.00000E+00
678.606 0.00000E+00
701.226 0.00000E+00
723.846 0.00000E+00
746.467 0.00000E+00
769.087 0.00000E+00
791.707 0.00000E+00
814.327 0.00000E+00
836.947 0.00000E+00
859.568 0.00000E+00
882.188 0.00000E+00
904.808 0.00000E+00
927.428 0.00000E+00
950.048 0.00000E+00
972.669 0.00000E+00
995.289 0.00000E+00
1017.909 0.00000E+00
1040.529 0.00000E+00
1063.149 0.00000E+00
1085.770 0.00000E+00
1108.390 0.00000E+00
1131.010 0.00000E+00
1153.630 0.00000E+00
1176.250 0.00000E+00
1198.871 0.00000E+00
1221.491 0.00000E+00
1221.491 0.00000E+00
1264.103 0.00000E+00
1306.716 0.00000E+00
1349.328 0.00000E+00
1391.941 0.00000E+00
1434.554 0.00000E+00
1477.166 0.00000E+00
1519.779 0.00000E+00
1562.391 0.00000E+00
1605.004 0.00000E+00
1647.617 0.00000E+00
1690.229 0.00000E+00
1732.842 0.00000E+00
1775.454 0.00000E+00
1818.067 0.00000E+00
1860.679 0.00000E+00
1903.292 0.00000E+00
1945.905 0.00000E+00
1988.517 0.00000E+00
2031.130 0.00000E+00
2073.742 0.00000E+00
2116.355 0.00000E+00
2158.968 0.00000E+00
2201.580 0.00000E+00
2244.193 0.00000E+00
2286.805 0.00000E+00
2329.418 0.00000E+00
2372.031 0.00000E+00
2414.643 0.00000E+00
2457.256 0.00000E+00
2499.868 0.00000E+00
2542.481 0.00000E+00
2585.094 0.00000E+00
2627.706 0.00000E+00
2670.319 0.00000E+00
2712.931 0.00000E+00
2755.544 0.00000E+00
2798.156 0.00000E+00
2840.769 0.00000E+00
2883.382 0.00000E+00
2925.994 0.00000E+00
2968.607 0.00000E+00
3011.219 0.00000E+00
3053.832 0.00000E+00
3096.444 0.00000E+00
3139.057 0.00000E+00
3181.670 0.00000E+00
3224.282 0.00000E+00
3266.895 0.00000E+00
3309.508 0.00000E+00
3352.120 0.00000E+00
3394.733 0.00000E+00
3437.345 0.00000E+00
3479.958 0.00000E+00
3479.958 0.00000E+00
3517.468 0.91713E-05
3554.979 0.55709E-05
3592.490 0.33183E-05
3630.000 0.19165E-05
3630.000 0.19165E-05
3662.833 0.11275E-05
3695.667 0.61772E-06
3728.500 0.29705E-06
3761.333 0.10845E-06
3794.167 0.17032E-07
3827.000 0.34532E-08
3859.833 0.60005E-07
3892.667 0.18839E-06
3925.500 0.39912E-06
3958.333 0.71235E-06
3991.167 0.11581E-05
4024.000 0.17808E-05
4056.833 0.26413E-05
4089.667 0.38225E-05
4122.500 0.54370E-05
4155.333 0.76369E-05
4188.167 0.10624E-04
4221.000 0.14669E-04
4253.833 0.20131E-04
4286.667 0.27487E-04
4319.500 0.37363E-04
4352.333 0.50590E-04
4385.167 0.68250E-04
4418.000 0.91762E-04
4450.833 0.12299E-03
4483.667 0.16436E-03
4516.500 0.21901E-03
4549.333 0.29101E-03
4582.167 0.38561E-03
4615.000 0.50956E-03
4647.833 0.67157E-03
4680.667 0.88278E-03
4713.500 0.11575E-02
4746.333 0.15137E-02
4779.167 0.19744E-02
4812.000 0.25691E-02
4844.833 0.33345E-02
4877.667 0.43173E-02
4910.500 0.55760E-02
4943.333 0.71841E-02
4976.167 0.92338E-02
5009.000 0.11839E-01
5041.833 0.15144E-01
5074.667 0.19326E-01
5107.500 0.24604E-01
5140.333 0.31249E-01
5173.167 0.39598E-01
5206.000 0.50060E-01
5238.833 0.63140E-01
5271.667 0.79457E-01
5304.500 0.99760E-01
5337.333 0.12497E+00
5370.167 0.15618E+00
5403.000 0.19477E+00
5435.833 0.24233E+00
5468.667 0.30084E+00
5501.500 0.37263E+00
5534.333 0.46055E+00
5567.167 0.56795E+00
5600.000 0.69884E+00
5600.000 0.69885E+00
5625.250 0.84611E+00
5650.500 0.10083E+01
5675.750 0.11861E+01
5701.000 0.13801E+01
5701.000 0.21518E+01
5724.333 0.21981E+01
5747.667 0.22667E+01
5771.000 0.23581E+01
5771.000 0.23581E+01
5796.000 0.25926E+01
5821.000 0.28464E+01
5846.000 0.31191E+01
5871.000 0.34097E+01
5896.000 0.37170E+01
5921.000 0.40387E+01
5946.000 0.43722E+01
5971.000 0.47139E+01
5971.000 0.53922E+01
5993.500 0.54847E+01
6016.000 0.56069E+01
6038.500 0.57578E+01
6061.000 0.59366E+01
6083.500 0.61425E+01
6106.000 0.63751E+01
6128.500 0.66340E+01
6151.000 0.69190E+01
6151.000 0.78889E+01
6174.333 0.77909E+01
6197.667 0.77603E+01
6221.000 0.78177E+01
6244.333 0.79896E+01
6267.667 0.83085E+01
6291.000 0.88130E+01
6291.000 0.91933E+01
6309.543 0.98481E+01
6328.086 0.10686E+02
6346.629 0.11737E+02
6346.629 0.77198E+01
6351.314 0.77214E+01
6356.000 0.77234E+01
6356.000 0.46305E+01
6362.000 0.45067E+01
6368.000 0.43836E+01
6368.000 0.10919E-01
6369.500 0.27307E-02
6371.000 0.00000E+00
