0.000 0.00000E+00
22.620 0.00000E+00
45.240 0.00000E+00
67.861 0.00000E+00
90.481 0.00000E+00
113.101 0.00000E+00
135.721 0.00000E+00
158.341 0.00000E+00
180.962 0.00000E+00
203.582 0.00000E+00
226.202 0.00000E+00
248.822 0.00000E+00
271.442 0.00000E+00
294.063 0.00000E+00
316.683 0.00000E+00
339.303 0.00000E+00
361.923 0.00000E+00
384.543 0.00000E+00
407.164 0.00000E+00
429.784 0.00000E+00
452.404 0.00000E+00
475.024 0.00000E+00
497.644 0.00000E+00
520.265 0.00000E+00
542.885 0.00000E+00
565.505 0.00000E+00
588.125 0.00000E+00
610.745 0.00000E+00
633.366 0.00000E+00
655.986 0.00000E+00
678.606 0.00000E+00
701.226 0.00000E+00
723.846 0.00000E+00
746.467 0.00000E+00
769.087 0.00000E+00
791.707 0.00000E+00
814.327 0.00000E+00
836.947 0.00000E+00
859.568 0.00000E+00
882.188 0.00000E+00
904.808 0.00000E+00
927.428 0.00000E+00
950.048 0.00000E+00
972.669 0.00000E+00
995.289 0.00000E+00
1017.909 0.00000E+00
1040.529 0.00000E+00
1063.149 0.00000E+00
1085.770 0.00000E+00
1108.390 0.00000E+00
1131.010 0.00000E+00
1153.630 0.00000E+00
1176.250 0.00000E+00
1198.871 0.00000E+00
1221.491 0.00000E+00
1221.491 0.00000E+00
1264.103 0.00000E+00
1306.716 0.00000E+00
1349.328 0.00000E+00
1391.941 0.00000E+00
1434.554 0.00000E+00
1477.166 0.00000E+00
1519.779 0.00000E+00
1562.391 0.00000E+00
1605.004 0.00000E+00
1647.617 0.00000E+00
1690.229 0.00000E+00
1732.842 0.00000E+00
1775.454 0.00000E+00
1818.067 0.00000E+00
1860.679 0.00000E+00
1903.292 0.00000E+00
1945.905 0.00000E+00
1988.517 0.00000E+00
2031.130 0.00000E+00
2073.742 0.00000E+00
2116.355 0.00000E+00
2158.968 0.00000E+00
2201.580 0.00000E+00
2244.193 0.00000E+00
2286.805 0.00000E+00
2329.418 0.00000E+00
2372.031 0.00000E+00
2414.643 0.00000E+00
2457.256 0.00000E+00
2499.868 0.00000E+00
2542.481 0.00000E+00
2585.094 0.00000E+00
2627.706 0.00000E+00
2670.319 0.00000E+00
2712.931 0.00000E+00
2755.544 0.00000E+00
2798.156 0.00000E+00
2840.769 0.00000E+00
2883.382 0.00000E+00
2925.994 0.00000E+00
2968.607 0.00000E+00
3011.219 0.00000E+00
3053.832 0.00000E+00
3096.444 0.00000E+00
3139.057 0.00000E+00
3181.670 0.00000E+00
3224.282 0.00000E+00
3266.895 0.00000E+00
3309.508 0.00000E+00
3352.120 0.00000E+00
3394.733 0.00000E+00
3437.345 0.00000E+00
3479.958 0.19180E-07
3479.958 0.21803E-07
3517.468 0.59079E-08
3554.979 0.67608E-09
3592.490 0.10589E-13
3630.000 0.20418E-07
3630.000 0.20418E-07
3662.833 0.13831E-07
3695.667 0.76504E-08
3728.500 0.39732E-08
3761.333 0.17785E-08
3794.167 0.54782E-09
3827.000 0.32527E-10
3859.833 0.13933E-09
3892.667 0.89349E-09
3925.500 0.24354E-08
3958.333 0.50450E-08
3991.167 0.91867E-08
4024.000 0.15575E-07
4056.833 0.25309E-07
4089.667 0.40009E-07
4122.500 0.62064E-07
4155.333 0.95058E-07
4188.167 0.14415E-06
4221.000 0.21694E-06
4253.833 0.32451E-06
4286.667 0.48275E-06
4319.500 0.71488E-06
4352.333 0.10541E-05
4385.167 0.15478E-05
4418.000 0.22646E-05
4450.833 0.33009E-05
4483.667 0.47944E-05
4516.500 0.69390E-05
4549.333 0.10011E-04
4582.167 0.14393E-04
4615.000 0.20624E-04
4647.833 0.29458E-04
4680.667 0.41941E-04
4713.500 0.59523E-04
4746.333 0.84212E-04
4779.167 0.11877E-03
4812.000 0.16700E-03
4844.833 0.23409E-03
4877.667 0.32714E-03
4910.500 0.45581E-03
4943.333 0.63322E-03
4976.167 0.87709E-03
5009.000 0.12113E-02
5041.833 0.16679E-02
5074.667 0.22902E-02
5107.500 0.31355E-02
5140.333 0.42808E-02
5173.167 0.58278E-02
5206.000 0.79119E-02
5238.833 0.10711E-01
5271.667 0.14461E-01
5304.500 0.19470E-01
5337.333 0.26143E-01
5370.167 0.35009E-01
5403.000 0.46756E-01
5435.833 0.62277E-01
5468.667 0.82733E-01
5501.500 0.10962E+00
5534.333 0.14486E+00
5567.167 0.19094E+00
5600.000 0.25103E+00
5600.000 0.25103E+00
5625.250 0.32518E+00
5650.500 0.41143E+00
5675.750 0.51119E+00
5701.000 0.62604E+00
5701.000 0.11503E+01
5724.333 0.11638E+01
5747.667 0.11986E+01
5771.000 0.12548E+01
5771.000 0.12548E+01
5796.000 0.14241E+01
5821.000 0.16182E+01
5846.000 0.18385E+01
5871.000 0.20866E+01
5896.000 0.23636E+01
5921.000 0.26700E+01
5946.000 0.30057E+01
5971.000 0.33698E+01
5971.000 0.41126E+01
5993.500 0.42173E+01
6016.000 0.43688E+01
6038.500 0.45670E+01
6061.000 0.48129E+01
6083.500 0.51082E+01
6106.000 0.54551E+01
6128.500 0.58564E+01
6151.000 0.63157E+01
6151.000 0.78284E+01
6174.333 0.78222E+01
6197.667 0.78980E+01
6221.000 0.80870E+01
6244.333 0.84350E+01
6267.667 0.90045E+01
6291.000 0.98763E+01
6291.000 0.10242E+02
6309.543 0.11358E+02
6328.086 0.12815E+02
6346.629 0.14689E+02
6346.629 0.98360E+01
6351.314 0.99101E+01
6356.000 0.99865E+01
6356.000 0.60534E+01
6362.000 0.59218E+01
6368.000 0.57912E+01
6368.000 0.19082E-01
6369.500 0.47730E-02
6371.000 0.00000E+00
