0.000 0.00000E+00
22.620 0.00000E+00
45.240 0.00000E+00
67.861 0.11402E-06
90.481 0.62511E-07
113.101 0.18997E-07
135.721 0.72108E-08
158.341 0.36044E-08
180.962 0.24714E-08
203.582 0.22626E-08
226.202 0.29540E-08
248.822 0.46134E-08
271.442 0.71932E-08
294.063 0.11982E-07
316.683 0.19528E-07
339.303 0.32402E-07
361.923 0.51880E-07
384.543 0.81255E-07
407.164 0.12270E-06
429.784 0.18427E-06
452.404 0.26846E-06
475.024 0.38546E-06
497.644 0.53809E-06
520.265 0.74012E-06
542.885 0.10023E-05
565.505 0.13369E-05
588.125 0.17537E-05
610.745 0.22714E-05
633.366 0.29070E-05
655.986 0.36773E-05
678.606 0.45948E-05
701.226 0.56804E-05
723.846 0.69522E-05
746.467 0.84221E-05
769.087 0.10115E-04
791.707 0.12030E-04
814.327 0.14192E-04
836.947 0.16598E-04
859.568 0.19258E-04
882.188 0.22168E-04
904.808 0.25325E-04
927.428 0.28718E-04
950.048 0.32329E-04
972.669 0.36137E-04
995.289 0.40114E-04
1017.909 0.44224E-04
1040.529 0.48425E-04
1063.149 0.52670E-04
1085.770 0.56906E-04
1108.390 0.61078E-04
1131.010 0.65125E-04
1153.630 0.68992E-04
1176.250 0.72606E-04
1198.871 0.75907E-04
1221.491 0.78829E-04
1221.491 0.23204E-03
1264.103 0.51158E-03
1306.716 0.91688E-03
1349.328 0.14651E-02
1391.941 0.21770E-02
1434.554 0.30768E-02
1477.166 0.41923E-02
1519.779 0.55548E-02
1562.391 0.71989E-02
1605.004 0.91625E-02
1647.617 0.11487E-01
1690.229 0.14217E-01
1732.842 0.17400E-01
1775.454 0.21087E-01
1818.067 0.25331E-01
1860.679 0.30186E-01
1903.292 0.35711E-01
1945.905 0.41964E-01
1988.517 0.49004E-01
2031.130 0.56891E-01
2073.742 0.65684E-01
2116.355 0.75441E-01
2158.968 0.86218E-01
2201.580 0.98066E-01
2244.193 0.11103E+00
2286.805 0.12516E+00
2329.418 0.14049E+00
2372.031 0.15704E+00
2414.643 0.17484E+00
2457.256 0.19389E+00
2499.868 0.21419E+00
2542.481 0.23572E+00
2585.094 0.25846E+00
2627.706 0.28234E+00
2670.319 0.30731E+00
2712.931 0.33329E+00
2755.544 0.36017E+00
2798.156 0.38782E+00
2840.769 0.41610E+00
2883.382 0.44484E+00
2925.994 0.47385E+00
2968.607 0.50292E+00
3011.219 0.53181E+00
3053.832 0.56026E+00
3096.444 0.58800E+00
3139.057 0.61472E+00
3181.670 0.64011E+00
3224.282 0.66383E+00
3266.895 0.68555E+00
3309.508 0.70492E+00
3352.120 0.72156E+00
3394.733 0.73513E+00
3437.345 0.74527E+00
3479.958 0.75166E+00
3479.958 0.31318E+01
3517.468 0.32188E+01
3554.979 0.33073E+01
3592.490 0.33969E+01
3630.000 0.34877E+01
3630.000 0.34877E+01
3662.833 0.35663E+01
3695.667 0.36452E+01
3728.500 0.37243E+01
3761.333 0.38034E+01
3794.167 0.38824E+01
3827.000 0.39609E+01
3859.833 0.40389E+01
3892.667 0.41161E+01
3925.500 0.41923E+01
3958.333 0.42672E+01
3991.167 0.43408E+01
4024.000 0.44127E+01
4056.833 0.44828E+01
4089.667 0.45508E+01
4122.500 0.46165E+01
4155.333 0.46797E+01
4188.167 0.47402E+01
4221.000 0.47977E+01
4253.833 0.48520E+01
4286.667 0.49028E+01
4319.500 0.49501E+01
4352.333 0.49936E+01
4385.167 0.50329E+01
4418.000 0.50681E+01
4450.833 0.50988E+01
4483.667 0.51248E+01
4516.500 0.51460E+01
4549.333 0.51623E+01
4582.167 0.51733E+01
4615.000 0.51790E+01
4647.833 0.51792E+01
4680.667 0.51738E+01
4713.500 0.51627E+01
4746.333 0.51456E+01
4779.167 0.51226E+01
4812.000 0.50936E+01
4844.833 0.50584E+01
4877.667 0.50170E+01
4910.500 0.49693E+01
4943.333 0.49154E+01
4976.167 0.48552E+01
5009.000 0.47887E+01
5041.833 0.47160E+01
5074.667 0.46370E+01
5107.500 0.45520E+01
5140.333 0.44608E+01
5173.167 0.43637E+01
5206.000 0.42608E+01
5238.833 0.41522E+01
5271.667 0.40382E+01
5304.500 0.39188E+01
5337.333 0.37943E+01
5370.167 0.36650E+01
5403.000 0.35312E+01
5435.833 0.33931E+01
5468.667 0.32511E+01
5501.500 0.31055E+01
5534.333 0.29568E+01
5567.167 0.28052E+01
5600.000 0.26514E+01
5600.000 0.26514E+01
5625.250 0.25282E+01
5650.500 0.24042E+01
5675.750 0.22796E+01
5701.000 0.21546E+01
5701.000 0.24327E+01
5724.333 0.23002E+01
5747.667 0.21677E+01
5771.000 0.20357E+01
5771.000 0.20357E+01
5796.000 0.19316E+01
5821.000 0.18259E+01
5846.000 0.17188E+01
5871.000 0.16105E+01
5896.000 0.15012E+01
5921.000 0.13912E+01
5946.000 0.12809E+01
5971.000 0.11706E+01
5971.000 0.12904E+01
5993.500 0.11643E+01
6016.000 0.10416E+01
6038.500 0.92306E+00
6061.000 0.80909E+00
6083.500 0.70026E+00
6106.000 0.59715E+00
6128.500 0.50031E+00
6151.000 0.41030E+00
6151.000 0.55051E+00
6174.333 0.43054E+00
6197.667 0.32499E+00
6221.000 0.23413E+00
6244.333 0.15817E+00
6267.667 0.97213E-01
6291.000 0.51325E-01
6291.000 0.49457E-01
6309.543 0.24594E-01
6328.086 0.89829E-02
6346.629 0.25628E-02
6346.629 0.92691E-03
6351.314 0.13880E-03
6356.000 0.47406E-04
6356.000 0.35988E-03
6362.000 0.62994E-04
6368.000 0.12143E-02
6368.000 0.12498E-02
6369.500 0.31250E-03
6371.000 0.00000E+00
