0.000 0.00000E+00
22.620 0.00000E+00
45.240 0.00000E+00
67.861 0.00000E+00
90.481 0.00000E+00
113.101 0.00000E+00
135.721 0.00000E+00
158.341 0.00000E+00
180.962 0.00000E+00
203.582 0.00000E+00
226.202 0.00000E+00
248.822 0.00000E+00
271.442 0.00000E+00
294.063 0.00000E+00
316.683 0.00000E+00
339.303 0.00000E+00
361.923 0.00000E+00
384.543 0.00000E+00
407.164 0.00000E+00
429.784 0.00000E+00
452.404 0.00000E+00
475.024 0.00000E+00
497.644 0.00000E+00
520.265 0.00000E+00
542.885 0.00000E+00
565.505 0.00000E+00
588.125 0.00000E+00
610.745 0.00000E+00
633.366 0.00000E+00
655.986 0.00000E+00
678.606 0.00000E+00
701.226 0.00000E+00
723.846 0.00000E+00
746.467 0.00000E+00
769.087 0.00000E+00
791.707 0.00000E+00
814.327 0.00000E+00
836.947 0.00000E+00
859.568 0.00000E+00
882.188 0.00000E+00
904.808 0.00000E+00
927.428 0.00000E+00
950.048 0.00000E+00
972.669 0.00000E+00
995.289 0.00000E+00
1017.909 0.00000E+00
1040.529 0.00000E+00
1063.149 0.00000E+00
1085.770 0.00000E+00
1108.390 0.00000E+00
1131.010 0.00000E+00
1153.630 0.00000E+00
1176.250 0.00000E+00
1198.871 0.00000E+00
1221.491 0.00000E+00
1221.491 0.00000E+00
1264.103 0.00000E+00
1306.716 0.00000E+00
1349.328 0.00000E+00
1391.941 0.00000E+00
1434.554 0.00000E+00
1477.166 0.00000E+00
1519.779 0.00000E+00
1562.391 0.00000E+00
1605.004 0.00000E+00
1647.617 0.00000E+00
1690.229 0.00000E+00
1732.842 0.00000E+00
1775.454 0.00000E+00
1818.067 0.00000E+00
1860.679 0.00000E+00
1903.292 0.00000E+00
1945.905 0.00000E+00
1988.517 0.00000E+00
2031.130 0.00000E+00
2073.742 0.00000E+00
2116.355 0.00000E+00
2158.968 0.00000E+00
2201.580 0.00000E+00
2244.193 0.00000E+00
2286.805 0.00000E+00
2329.418 0.00000E+00
2372.031 0.00000E+00
2414.643 0.00000E+00
2457.256 0.00000E+00
2499.868 0.00000E+00
2542.481 0.00000E+00
2585.094 0.00000E+00
2627.706 0.00000E+00
2670.319 0.00000E+00
2712.931 0.00000E+00
2755.544 0.00000E+00
2798.156 0.00000E+00
2840.769 0.00000E+00
2883.382 0.00000E+00
2925.994 0.00000E+00
2968.607 0.00000E+00
3011.219 0.00000E+00
3053.832 0.00000E+00
3096.444 0.00000E+00
3139.057 0.00000E+00
3181.670 0.00000E+00
3224.282 0.00000E+00
3266.895 0.00000E+00
3309.508 0.00000E+00
3352.120 0.00000E+00
3394.733 0.00000E+00
3437.345 0.00000E+00
3479.958 0.37078E-07
3479.958 0.14217E-06
3517.468 0.10352E-06
3554.979 0.10770E-06
3592.490 0.70742E-07
3630.000 0.39501E-07
3630.000 0.39501E-07
3662.833 0.22195E-07
3695.667 0.11396E-07
3728.500 0.48494E-08
3761.333 0.12780E-08
3794.167 0.12049E-10
3827.000 0.79939E-09
3859.833 0.37253E-08
3892.667 0.92233E-08
3925.500 0.18116E-07
3958.333 0.31731E-07
3991.167 0.52100E-07
4024.000 0.82217E-07
4056.833 0.12642E-06
4089.667 0.19095E-06
4122.500 0.28473E-06
4155.333 0.42064E-06
4188.167 0.61682E-06
4221.000 0.89901E-06
4253.833 0.13036E-05
4286.667 0.18814E-05
4319.500 0.27044E-05
4352.333 0.38731E-05
4385.167 0.55258E-05
4418.000 0.78559E-05
4450.833 0.11132E-04
4483.667 0.15722E-04
4516.500 0.22133E-04
4549.333 0.31058E-04
4582.167 0.43453E-04
4615.000 0.60598E-04
4647.833 0.84263E-04
4680.667 0.11681E-03
4713.500 0.16145E-03
4746.333 0.22248E-03
4779.167 0.30573E-03
4812.000 0.41888E-03
4844.833 0.57227E-03
4877.667 0.77963E-03
4910.500 0.10591E-02
4943.333 0.14347E-02
4976.167 0.19382E-02
5009.000 0.26112E-02
5041.833 0.35082E-02
5074.667 0.47006E-02
5107.500 0.62814E-02
5140.333 0.83712E-02
5173.167 0.11127E-01
5206.000 0.14751E-01
5238.833 0.19503E-01
5271.667 0.25720E-01
5304.500 0.33831E-01
5337.333 0.44384E-01
5370.167 0.58082E-01
5403.000 0.75815E-01
5435.833 0.98709E-01
5468.667 0.12820E+00
5501.500 0.16608E+00
5534.333 0.21462E+00
5567.167 0.27667E+00
5600.000 0.35579E+00
5600.000 0.35579E+00
5625.250 0.45065E+00
5650.500 0.55904E+00
5675.750 0.68221E+00
5701.000 0.82154E+00
5701.000 0.14319E+01
5724.333 0.14543E+01
5747.667 0.14988E+01
5771.000 0.15660E+01
5771.000 0.15660E+01
5796.000 0.17585E+01
5821.000 0.19750E+01
5846.000 0.22167E+01
5871.000 0.24840E+01
5896.000 0.27774E+01
5921.000 0.30964E+01
5946.000 0.34400E+01
5971.000 0.38061E+01
5971.000 0.45482E+01
5993.500 0.46521E+01
6016.000 0.47978E+01
6038.500 0.49849E+01
6061.000 0.52137E+01
6083.500 0.54847E+01
6106.000 0.57992E+01
6128.500 0.61586E+01
6151.000 0.65648E+01
6151.000 0.79160E+01
6174.333 0.78750E+01
6197.667 0.79114E+01
6221.000 0.80530E+01
6244.333 0.83390E+01
6267.667 0.88209E+01
6291.000 0.95637E+01
6291.000 0.99360E+01
6309.543 0.10889E+02
6328.086 0.12123E+02
6346.629 0.13697E+02
6346.629 0.91218E+01
6351.314 0.91672E+01
6356.000 0.92141E+01
6356.000 0.55667E+01
6362.000 0.54352E+01
6368.000 0.53044E+01
6368.000 0.16146E-01
6369.500 0.40383E-02
6371.000 0.00000E+00
