0.000 0.00000E+00
22.620 0.00000E+00
45.240 0.00000E+00
67.861 0.00000E+00
90.481 0.00000E+00
113.101 0.00000E+00
135.721 0.00000E+00
158.341 0.00000E+00
180.962 0.00000E+00
203.582 0.00000E+00
226.202 0.00000E+00
248.822 0.00000E+00
271.442 0.00000E+00
294.063 0.00000E+00
316.683 0.00000E+00
339.303 0.00000E+00
361.923 0.00000E+00
384.543 0.00000E+00
407.164 0.00000E+00
429.784 0.00000E+00
452.404 0.00000E+00
475.024 0.00000E+00
497.644 0.00000E+00
520.265 0.00000E+00
542.885 0.00000E+00
565.505 0.00000E+00
588.125 0.00000E+00
610.745 0.00000E+00
633.366 0.00000E+00
655.986 0.00000E+00
678.606 0.00000E+00
701.226 0.00000E+00
723.846 0.00000E+00
746.467 0.00000E+00
769.087 0.00000E+00
791.707 0.00000E+00
814.327 0.00000E+00
836.947 0.00000E+00
859.568 0.00000E+00
882.188 0.00000E+00
904.808 0.00000E+00
927.428 0.00000E+00
950.048 0.00000E+00
972.669 0.00000E+00
995.289 0.00000E+00
1017.909 0.00000E+00
1040.529 0.00000E+00
1063.149 0.00000E+00
1085.770 0.00000E+00
1108.390 0.00000E+00
1131.010 0.00000E+00
1153.630 0.00000E+00
1176.250 0.00000E+00
1198.871 0.00000E+00
1221.491 0.00000E+00
1221.491 0.00000E+00
1264.103 0.00000E+00
1306.716 0.00000E+00
1349.328 0.00000E+00
1391.941 0.00000E+00
1434.554 0.00000E+00
1477.166 0.00000E+00
1519.779 0.00000E+00
1562.391 0.00000E+00
1605.004 0.00000E+00
1647.617 0.00000E+00
1690.229 0.00000E+00
1732.842 0.00000E+00
1775.454 0.00000E+00
1818.067 0.00000E+00
1860.679 0.00000E+00
1903.292 0.00000E+00
1945.905 0.00000E+00
1988.517 0.00000E+00
2031.130 0.00000E+00
2073.742 0.00000E+00
2116.355 0.00000E+00
2158.968 0.00000E+00
2201.580 0.00000E+00
2244.193 0.00000E+00
2286.805 0.00000E+00
2329.418 0.00000E+00
2372.031 0.00000E+00
2414.643 0.00000E+00
2457.256 0.00000E+00
2499.868 0.00000E+00
2542.481 0.00000E+00
2585.094 0.00000E+00
2627.706 0.00000E+00
2670.319 0.00000E+00
2712.931 0.00000E+00
2755.544 0.00000E+00
2798.156 0.00000E+00
2840.769 0.00000E+00
2883.382 0.00000E+00
2925.994 0.00000E+00
2968.607 0.00000E+00
3011.219 0.00000E+00
3053.832 0.00000E+00
3096.444 0.00000E+00
3139.057 0.00000E+00
3181.670 0.00000E+00
3224.282 0.00000E+00
3266.895 0.00000E+00
3309.508 0.00000E+00
3352.120 0.00000E+00
3394.733 0.00000E+00
3437.345 0.14539E-06
3479.958 0.25036E-06
3479.958 0.52276E-05
3517.468 0.33379E-05
3554.979 0.20044E-05
3592.490 0.11684E-05
3630.000 0.65760E-06
3630.000 0.65760E-06
3662.833 0.37556E-06
3695.667 0.19714E-06
3728.500 0.88010E-07
3761.333 0.26996E-07
3794.167 0.17108E-08
3827.000 0.58896E-08
3859.833 0.37892E-07
3892.667 0.10006E-06
3925.500 0.19875E-06
3958.333 0.34456E-06
3991.167 0.55340E-06
4024.000 0.84847E-06
4056.833 0.12617E-05
4089.667 0.18374E-05
4122.500 0.26366E-05
4155.333 0.37414E-05
4188.167 0.52654E-05
4221.000 0.73604E-05
4253.833 0.10231E-04
4286.667 0.14156E-04
4319.500 0.19503E-04
4352.333 0.26767E-04
4385.167 0.36607E-04
4418.000 0.49906E-04
4450.833 0.67815E-04
4483.667 0.91876E-04
4516.500 0.12409E-03
4549.333 0.16715E-03
4582.167 0.22448E-03
4615.000 0.30066E-03
4647.833 0.40158E-03
4680.667 0.53489E-03
4713.500 0.71059E-03
4746.333 0.94151E-03
4779.167 0.12442E-02
4812.000 0.16399E-02
4844.833 0.21558E-02
4877.667 0.28268E-02
4910.500 0.36972E-02
4943.333 0.48234E-02
4976.167 0.62771E-02
5009.000 0.81483E-02
5041.833 0.10551E-01
5074.667 0.13629E-01
5107.500 0.17562E-01
5140.333 0.22576E-01
5173.167 0.28950E-01
5206.000 0.37034E-01
5238.833 0.47263E-01
5271.667 0.60175E-01
5304.500 0.76432E-01
5337.333 0.96855E-01
5370.167 0.12245E+00
5403.000 0.15444E+00
5435.833 0.19435E+00
5468.667 0.24400E+00
5501.500 0.30563E+00
5534.333 0.38196E+00
5567.167 0.47627E+00
5600.000 0.59251E+00
5600.000 0.59251E+00
5625.250 0.72552E+00
5650.500 0.87340E+00
5675.750 0.10370E+01
5701.000 0.12171E+01
5701.000 0.19527E+01
5724.333 0.19922E+01
5747.667 0.20545E+01
5771.000 0.21397E+01
5771.000 0.21397E+01
5796.000 0.23649E+01
5821.000 0.26110E+01
5846.000 0.28781E+01
5871.000 0.31656E+01
5896.000 0.34724E+01
5921.000 0.37969E+01
5946.000 0.41367E+01
5971.000 0.44886E+01
5971.000 0.51919E+01
5993.500 0.52885E+01
6016.000 0.54180E+01
6038.500 0.55796E+01
6061.000 0.57726E+01
6083.500 0.59967E+01
6106.000 0.62515E+01
6128.500 0.65371E+01
6151.000 0.68536E+01
6151.000 0.79255E+01
6174.333 0.78394E+01
6197.667 0.78234E+01
6221.000 0.78998E+01
6244.333 0.80982E+01
6267.667 0.84555E+01
6291.000 0.90161E+01
6291.000 0.93951E+01
6309.543 0.10120E+02
6328.086 0.11050E+02
6346.629 0.12221E+02
6346.629 0.80653E+01
6351.314 0.80760E+01
6356.000 0.80875E+01
6356.000 0.48588E+01
6362.000 0.47321E+01
6368.000 0.46061E+01
6368.000 0.12144E-01
6369.500 0.30373E-02
6371.000 -0.96493E-12
