0.000 0.00000E+00
22.620 0.00000E+00
45.240 0.00000E+00
67.861 0.00000E+00
90.481 0.00000E+00
113.101 0.00000E+00
135.721 0.00000E+00
158.341 0.00000E+00
180.962 0.00000E+00
203.582 0.00000E+00
226.202 0.00000E+00
248.822 0.00000E+00
271.442 0.00000E+00
294.063 0.00000E+00
316.683 0.00000E+00
339.303 0.00000E+00
361.923 0.00000E+00
384.543 0.00000E+00
407.164 0.00000E+00
429.784 0.00000E+00
452.404 0.00000E+00
475.024 0.00000E+00
497.644 0.00000E+00
520.265 0.00000E+00
542.885 0.00000E+00
565.505 0.00000E+00
588.125 0.00000E+00
610.745 0.00000E+00
633.366 0.00000E+00
655.986 0.00000E+00
678.606 0.00000E+00
701.226 0.00000E+00
723.846 0.00000E+00
746.467 0.00000E+00
769.087 0.00000E+00
791.707 0.00000E+00
814.327 0.00000E+00
836.947 0.00000E+00
859.568 0.00000E+00
882.188 0.00000E+00
904.808 0.00000E+00
927.428 0.00000E+00
950.048 0.00000E+00
972.669 0.00000E+00
995.289 0.00000E+00
1017.909 0.00000E+00
1040.529 0.00000E+00
1063.149 0.00000E+00
1085.770 0.00000E+00
1108.390 0.00000E+00
1131.010 0.00000E+00
1153.630 0.00000E+00
1176.250 0.00000E+00
1198.871 0.00000E+00
1221.491 0.00000E+00
1221.491 0.00000E+00
1264.103 0.00000E+00
1306.716 0.00000E+00
1349.328 0.00000E+00
1391.941 0.00000E+00
1434.554 0.00000E+00
1477.166 0.00000E+00
1519.779 0.00000E+00
1562.391 0.00000E+00
1605.004 0.00000E+00
1647.617 0.00000E+00
1690.229 0.00000E+00
1732.842 0.00000E+00
1775.454 0.00000E+00
1818.067 0.00000E+00
1860.679 0.00000E+00
1903.292 0.00000E+00
1945.905 0.00000E+00
1988.517 0.00000E+00
2031.130 0.00000E+00
2073.742 0.00000E+00
2116.355 0.00000E+00
2158.968 0.00000E+00
2201.580 0.00000E+00
2244.193 0.00000E+00
2286.805 0.00000E+00
2329.418 0.00000E+00
2372.031 0.00000E+00
2414.643 0.00000E+00
2457.256 0.00000E+00
2499.868 0.00000E+00
2542.481 0.00000E+00
2585.094 0.00000E+00
2627.706 0.00000E+00
2670.319 0.00000E+00
2712.931 0.00000E+00
2755.544 0.00000E+00
2798.156 0.00000E+00
2840.769 0.00000E+00
2883.382 0.00000E+00
2925.994 0.00000E+00
2968.607 0.00000E+00
3011.219 0.00000E+00
3053.832 0.00000E+00
3096.444 0.00000E+00
3139.057 0.00000E+00
3181.670 0.00000E+00
3224.282 0.00000E+00
3266.895 0.00000E+00
3309.508 0.00000E+00
3352.120 0.00000E+00
3394.733 0.00000E+00
3437.345 0.00000E+00
3479.958 0.00000E+00
3479.958 0.00000E+00
3517.468 0.00000E+00
3554.979 0.00000E+00
3592.490 0.00000E+00
3630.000 0.00000E+00
3630.000 0.00000E+00
3662.833 0.00000E+00
3695.667 0.00000E+00
3728.500 0.00000E+00
3761.333 0.00000E+00
3794.167 0.17831E-06
3827.000 0.90379E-07
3859.833 0.40329E-07
3892.667 0.18782E-07
3925.500 0.79253E-08
3958.333 0.23965E-08
3991.167 0.16332E-09
4024.000 0.48487E-09
4056.833 0.33161E-08
4089.667 0.91331E-08
4122.500 0.18977E-07
4155.333 0.34570E-07
4188.167 0.58570E-07
4221.000 0.95047E-07
4253.833 0.14996E-06
4286.667 0.23218E-06
4319.500 0.35472E-06
4352.333 0.53655E-06
4385.167 0.80515E-06
4418.000 0.12009E-05
4450.833 0.17814E-05
4483.667 0.26293E-05
4516.500 0.38657E-05
4549.333 0.56593E-05
4582.167 0.82541E-05
4615.000 0.11995E-04
4647.833 0.17373E-04
4680.667 0.25072E-04
4713.500 0.36063E-04
4746.333 0.51704E-04
4779.167 0.73887E-04
4812.000 0.10525E-03
4844.833 0.14944E-03
4877.667 0.21153E-03
4910.500 0.29850E-03
4943.333 0.41992E-03
4976.167 0.58892E-03
5009.000 0.82348E-03
5041.833 0.11480E-02
5074.667 0.15957E-02
5107.500 0.22113E-02
5140.333 0.30556E-02
5173.167 0.42100E-02
5206.000 0.57841E-02
5238.833 0.79238E-02
5271.667 0.10824E-01
5304.500 0.14745E-01
5337.333 0.20029E-01
5370.167 0.27132E-01
5403.000 0.36653E-01
5435.833 0.49379E-01
5468.667 0.66344E-01
5501.500 0.88897E-01
5534.333 0.11880E+00
5567.167 0.15834E+00
5600.000 0.21048E+00
5600.000 0.21048E+00
5625.250 0.27572E+00
5650.500 0.35228E+00
5675.750 0.44160E+00
5701.000 0.54534E+00
5701.000 0.10281E+01
5724.333 0.10380E+01
5747.667 0.10685E+01
5771.000 0.11196E+01
5771.000 0.11197E+01
5796.000 0.12776E+01
5821.000 0.14602E+01
5846.000 0.16693E+01
5871.000 0.19068E+01
5896.000 0.21741E+01
5921.000 0.24723E+01
5946.000 0.28017E+01
5971.000 0.31620E+01
5971.000 0.38992E+01
5993.500 0.40034E+01
6016.000 0.41562E+01
6038.500 0.43582E+01
6061.000 0.46107E+01
6083.500 0.49158E+01
6106.000 0.52764E+01
6128.500 0.56962E+01
6151.000 0.61795E+01
6151.000 0.77654E+01
6174.333 0.77772E+01
6197.667 0.78733E+01
6221.000 0.80864E+01
6244.333 0.84657E+01
6267.667 0.90795E+01
6291.000 0.10017E+02
6291.000 0.10379E+02
6309.543 0.11579E+02
6328.086 0.13151E+02
6346.629 0.15184E+02
6346.629 0.10194E+02
6351.314 0.10284E+02
6356.000 0.10377E+02
6356.000 0.63000E+01
6362.000 0.61694E+01
6368.000 0.60398E+01
6368.000 0.20634E-01
6369.500 0.51613E-02
6371.000 0.00000E+00
