0.000 0.00000E+00
22.620 0.00000E+00
45.240 0.00000E+00
67.861 0.00000E+00
90.481 0.00000E+00
113.101 0.00000E+00
135.721 0.00000E+00
158.341 0.00000E+00
180.962 0.00000E+00
203.582 0.00000E+00
226.202 0.00000E+00
248.822 0.00000E+00
271.442 0.00000E+00
294.063 0.00000E+00
316.683 0.00000E+00
339.303 0.00000E+00
361.923 0.00000E+00
384.543 0.00000E+00
407.164 0.00000E+00
429.784 0.00000E+00
452.404 0.00000E+00
475.024 0.00000E+00
497.644 0.00000E+00
520.265 0.00000E+00
542.885 0.00000E+00
565.505 0.00000E+00
588.125 0.00000E+00
610.745 0.00000E+00
633.366 0.00000E+00
655.986 0.00000E+00
678.606 0.00000E+00
701.226 0.00000E+00
723.846 0.00000E+00
746.467 0.00000E+00
769.087 0.00000E+00
791.707 0.00000E+00
814.327 0.00000E+00
836.947 0.00000E+00
859.568 0.00000E+00
882.188 0.00000E+00
904.808 0.00000E+00
927.428 0.00000E+00
950.048 0.00000E+00
972.669 0.00000E+00
995.289 0.00000E+00
1017.909 0.00000E+00
1040.529 0.00000E+00
1063.149 0.00000E+00
1085.770 0.00000E+00
1108.390 0.00000E+00
1131.010 0.00000E+00
1153.630 0.00000E+00
1176.250 0.00000E+00
1198.871 0.00000E+00
1221.491 0.00000E+00
1221.491 0.00000E+00
1264.103 0.00000E+00
1306.716 0.00000E+00
1349.328 0.00000E+00
1391.941 0.00000E+00
1434.554 0.00000E+00
1477.166 0.00000E+00
1519.779 0.00000E+00
1562.391 0.00000E+00
1605.004 0.00000E+00
1647.617 0.00000E+00
1690.229 0.00000E+00
1732.842 0.00000E+00
1775.454 0.00000E+00
1818.067 0.00000E+00
1860.679 0.00000E+00
1903.292 0.00000E+00
1945.905 0.00000E+00
1988.517 0.00000E+00
2031.130 0.00000E+00
2073.742 0.00000E+00
2116.355 0.00000E+00
2158.968 0.00000E+00
2201.580 0.00000E+00
2244.193 0.00000E+00
2286.805 0.00000E+00
2329.418 0.00000E+00
2372.031 0.00000E+00
2414.643 0.00000E+00
2457.256 0.00000E+00
2499.868 0.00000E+00
2542.481 0.00000E+00
2585.094 0.00000E+00
2627.706 0.00000E+00
2670.319 0.00000E+00
2712.931 0.00000E+00
2755.544 0.00000E+00
2798.156 0.00000E+00
2840.769 0.00000E+00
2883.382 0.00000E+00
2925.994 0.00000E+00
2968.607 0.00000E+00
3011.219 0.00000E+00
3053.832 0.00000E+00
3096.444 0.00000E+00
3139.057 0.00000E+00
3181.670 0.00000E+00
3224.282 0.00000E+00
3266.895 0.00000E+00
3309.508 0.00000E+00
3352.120 0.00000E+00
3394.733 0.00000E+00
3437.345 0.00000E+00
3479.958 0.00000E+00
3479.958 0.00000E+00
3517.468 0.25028E-04
3554.979 0.15508E-04
3592.490 0.94537E-05
3630.000 0.56075E-05
3630.000 0.56075E-05
3662.833 0.34006E-05
3695.667 0.19436E-05
3728.500 0.10014E-05
3761.333 0.42143E-06
3794.167 0.10686E-06
3827.000 0.57324E-09
3859.833 0.73791E-07
3892.667 0.32135E-06
3925.500 0.75775E-06
3958.333 0.14176E-05
3991.167 0.23568E-05
4024.000 0.36583E-05
4056.833 0.54348E-05
4089.667 0.78404E-05
4122.500 0.11082E-04
4155.333 0.15430E-04
4188.167 0.21250E-04
4221.000 0.29011E-04
4253.833 0.39333E-04
4286.667 0.53030E-04
4319.500 0.71155E-04
4352.333 0.95073E-04
4385.167 0.12655E-03
4418.000 0.16788E-03
4450.833 0.22199E-03
4483.667 0.29265E-03
4516.500 0.38474E-03
4549.333 0.50438E-03
4582.167 0.65940E-03
4615.000 0.85985E-03
4647.833 0.11183E-02
4680.667 0.14507E-02
4713.500 0.18774E-02
4746.333 0.24235E-02
4779.167 0.31206E-02
4812.000 0.40086E-02
4844.833 0.51371E-02
4877.667 0.65674E-02
4910.500 0.83764E-02
4943.333 0.10658E-01
4976.167 0.13530E-01
5009.000 0.17137E-01
5041.833 0.21654E-01
5074.667 0.27300E-01
5107.500 0.34339E-01
5140.333 0.43096E-01
5173.167 0.53964E-01
5206.000 0.67422E-01
5238.833 0.84047E-01
5271.667 0.10454E+00
5304.500 0.12974E+00
5337.333 0.16067E+00
5370.167 0.19853E+00
5403.000 0.24477E+00
5435.833 0.30113E+00
5468.667 0.36966E+00
5501.500 0.45281E+00
5534.333 0.55347E+00
5567.167 0.67505E+00
5600.000 0.82159E+00
5600.000 0.82159E+00
5625.250 0.98354E+00
5650.500 0.11603E+01
5675.750 0.13522E+01
5701.000 0.15597E+01
5701.000 0.23620E+01
5724.333 0.24154E+01
5747.667 0.24907E+01
5771.000 0.25882E+01
5771.000 0.25882E+01
5796.000 0.28306E+01
5821.000 0.30904E+01
5846.000 0.33667E+01
5871.000 0.36582E+01
5896.000 0.39633E+01
5921.000 0.42795E+01
5946.000 0.46039E+01
5971.000 0.49325E+01
5971.000 0.55791E+01
5993.500 0.56667E+01
6016.000 0.57808E+01
6038.500 0.59201E+01
6061.000 0.60837E+01
6083.500 0.62707E+01
6106.000 0.64803E+01
6128.500 0.67120E+01
6151.000 0.69651E+01
6151.000 0.78294E+01
6174.333 0.77215E+01
6197.667 0.76784E+01
6221.000 0.77187E+01
6244.333 0.78659E+01
6267.667 0.81486E+01
6291.000 0.85998E+01
6291.000 0.89809E+01
6309.543 0.95693E+01
6328.086 0.10320E+02
6346.629 0.11259E+02
6346.629 0.73789E+01
6351.314 0.73724E+01
6356.000 0.73663E+01
6356.000 0.44066E+01
6362.000 0.42864E+01
6368.000 0.41669E+01
6368.000 0.97490E-02
6369.500 0.24381E-02
6371.000 0.12062E-12
