0.000 0.00000E+00
22.620 0.00000E+00
45.240 0.00000E+00
67.861 0.00000E+00
90.481 0.00000E+00
113.101 0.00000E+00
135.721 0.00000E+00
158.341 0.00000E+00
180.962 0.00000E+00
203.582 0.00000E+00
226.202 0.00000E+00
248.822 0.00000E+00
271.442 0.00000E+00
294.063 0.00000E+00
316.683 0.00000E+00
339.303 0.00000E+00
361.923 0.00000E+00
384.543 0.00000E+00
407.164 0.00000E+00
429.784 0.00000E+00
452.404 0.00000E+00
475.024 0.00000E+00
497.644 0.00000E+00
520.265 0.00000E+00
542.885 0.00000E+00
565.505 0.00000E+00
588.125 0.00000E+00
610.745 0.00000E+00
633.366 0.00000E+00
655.986 0.00000E+00
678.606 0.00000E+00
701.226 0.00000E+00
723.846 0.00000E+00
746.467 0.00000E+00
769.087 0.00000E+00
791.707 0.00000E+00
814.327 0.00000E+00
836.947 0.00000E+00
859.568 0.00000E+00
882.188 0.00000E+00
904.808 0.00000E+00
927.428 0.00000E+00
950.048 0.00000E+00
972.669 0.00000E+00
995.289 0.00000E+00
1017.909 0.00000E+00
1040.529 0.00000E+00
1063.149 0.00000E+00
1085.770 0.00000E+00
1108.390 0.00000E+00
1131.010 0.00000E+00
1153.630 0.00000E+00
1176.250 0.00000E+00
1198.871 0.00000E+00
1221.491 0.00000E+00
1221.491 0.00000E+00
1264.103 0.00000E+00
1306.716 0.00000E+00
1349.328 0.00000E+00
1391.941 0.00000E+00
1434.554 0.00000E+00
1477.166 0.00000E+00
1519.779 0.00000E+00
1562.391 0.00000E+00
1605.004 0.00000E+00
1647.617 0.00000E+00
1690.229 0.00000E+00
1732.842 0.00000E+00
1775.454 0.00000E+00
1818.067 0.00000E+00
1860.679 0.00000E+00
1903.292 0.00000E+00
1945.905 0.00000E+00
1988.517 0.00000E+00
2031.130 0.00000E+00
2073.742 0.00000E+00
2116.355 0.00000E+00
2158.968 0.00000E+00
2201.580 0.00000E+00
2244.193 0.00000E+00
2286.805 0.00000E+00
2329.418 0.00000E+00
2372.031 0.00000E+00
2414.643 0.00000E+00
2457.256 0.00000E+00
2499.868 0.00000E+00
2542.481 0.00000E+00
2585.094 0.00000E+00
2627.706 0.00000E+00
2670.319 0.00000E+00
2712.931 0.00000E+00
2755.544 0.00000E+00
2798.156 0.00000E+00
2840.769 0.00000E+00
2883.382 0.00000E+00
2925.994 0.00000E+00
2968.607 0.00000E+00
3011.219 0.00000E+00
3053.832 0.00000E+00
3096.444 0.00000E+00
3139.057 0.00000E+00
3181.670 0.00000E+00
3224.282 0.00000E+00
3266.895 0.00000E+00
3309.508 0.00000E+00
3352.120 0.00000E+00
3394.733 0.00000E+00
3437.345 0.00000E+00
3479.958 0.49148E-07
3479.958 0.52674E-06
3517.468 0.42598E-06
3554.979 0.27285E-06
3592.490 0.15445E-06
3630.000 0.83484E-07
3630.000 0.83484E-07
3662.833 0.45584E-07
3695.667 0.22390E-07
3728.500 0.87903E-08
3761.333 0.18505E-08
3794.167 0.23237E-10
3827.000 0.27163E-08
3859.833 0.10099E-07
3892.667 0.23097E-07
3925.500 0.43435E-07
3958.333 0.73880E-07
3991.167 0.11854E-06
4024.000 0.18338E-06
4056.833 0.27701E-06
4089.667 0.41151E-06
4122.500 0.60392E-06
4155.333 0.87841E-06
4188.167 0.12687E-05
4221.000 0.18215E-05
4253.833 0.26027E-05
4286.667 0.37012E-05
4319.500 0.52439E-05
4352.333 0.74016E-05
4385.167 0.10410E-04
4418.000 0.14592E-04
4450.833 0.20389E-04
4483.667 0.28397E-04
4516.500 0.39426E-04
4549.333 0.54569E-04
4582.167 0.75311E-04
4615.000 0.10362E-03
4647.833 0.14216E-03
4680.667 0.19446E-03
4713.500 0.26525E-03
4746.333 0.36075E-03
4779.167 0.48928E-03
4812.000 0.66179E-03
4844.833 0.89256E-03
4877.667 0.12006E-02
4910.500 0.16104E-02
4943.333 0.21543E-02
4976.167 0.28743E-02
5009.000 0.38246E-02
5041.833 0.50757E-02
5074.667 0.67183E-02
5107.500 0.88693E-02
5140.333 0.11678E-01
5173.167 0.15338E-01
5206.000 0.20093E-01
5238.833 0.26255E-01
5271.667 0.34219E-01
5304.500 0.44489E-01
5337.333 0.57696E-01
5370.167 0.74636E-01
5403.000 0.96315E-01
5435.833 0.12398E+00
5468.667 0.15921E+00
5501.500 0.20395E+00
5534.333 0.26064E+00
5567.167 0.33228E+00
5600.000 0.42260E+00
5600.000 0.42260E+00
5625.250 0.52928E+00
5650.500 0.65008E+00
5675.750 0.78613E+00
5701.000 0.93866E+00
5701.000 0.15923E+01
5724.333 0.16199E+01
5747.667 0.16699E+01
5771.000 0.17429E+01
5771.000 0.17429E+01
5796.000 0.19468E+01
5821.000 0.21741E+01
5846.000 0.24253E+01
5871.000 0.27009E+01
5896.000 0.30005E+01
5921.000 0.33234E+01
5946.000 0.36680E+01
5971.000 0.40319E+01
5971.000 0.47666E+01
5993.500 0.48689E+01
6016.000 0.50102E+01
6038.500 0.51900E+01
6061.000 0.54081E+01
6083.500 0.56649E+01
6106.000 0.59608E+01
6128.500 0.62969E+01
6151.000 0.66743E+01
6151.000 0.79372E+01
6174.333 0.78800E+01
6197.667 0.78977E+01
6221.000 0.80165E+01
6244.333 0.82723E+01
6267.667 0.87114E+01
6291.000 0.93916E+01
6291.000 0.97666E+01
6309.543 0.10641E+02
6328.086 0.11769E+02
6346.629 0.13202E+02
6346.629 0.87670E+01
6351.314 0.87997E+01
6356.000 0.88336E+01
6356.000 0.53274E+01
6362.000 0.51968E+01
6368.000 0.50669E+01
6368.000 0.14758E-01
6369.500 0.36913E-02
6371.000 0.00000E+00
