0.000 0.00000E+00
22.620 0.00000E+00
45.240 0.00000E+00
67.861 0.00000E+00
90.481 0.00000E+00
113.101 0.00000E+00
135.721 0.00000E+00
158.341 0.00000E+00
180.962 0.00000E+00
203.582 0.00000E+00
226.202 0.00000E+00
248.822 0.00000E+00
271.442 0.00000E+00
294.063 0.00000E+00
316.683 0.00000E+00
339.303 0.00000E+00
361.923 0.00000E+00
384.543 0.00000E+00
407.164 0.00000E+00
429.784 0.00000E+00
452.404 0.00000E+00
475.024 0.00000E+00
497.644 0.00000E+00
520.265 0.00000E+00
542.885 0.00000E+00
565.505 0.00000E+00
588.125 0.00000E+00
610.745 0.00000E+00
633.366 0.00000E+00
655.986 0.00000E+00
678.606 0.00000E+00
701.226 0.00000E+00
723.846 0.00000E+00
746.467 0.00000E+00
769.087 0.00000E+00
791.707 0.00000E+00
814.327 0.00000E+00
836.947 0.00000E+00
859.568 0.00000E+00
882.188 0.00000E+00
904.808 0.00000E+00
927.428 0.00000E+00
950.048 0.00000E+00
972.669 0.00000E+00
995.289 0.00000E+00
1017.909 0.00000E+00
1040.529 0.00000E+00
1063.149 0.00000E+00
1085.770 0.00000E+00
1108.390 0.00000E+00
1131.010 0.00000E+00
1153.630 0.00000E+00
1176.250 0.00000E+00
1198.871 0.00000E+00
1221.491 0.00000E+00
1221.491 0.00000E+00
1264.103 0.00000E+00
1306.716 0.00000E+00
1349.328 0.00000E+00
1391.941 0.00000E+00
1434.554 0.00000E+00
1477.166 0.00000E+00
1519.779 0.00000E+00
1562.391 0.00000E+00
1605.004 0.00000E+00
1647.617 0.00000E+00
1690.229 0.00000E+00
1732.842 0.00000E+00
1775.454 0.00000E+00
1818.067 0.00000E+00
1860.679 0.00000E+00
1903.292 0.00000E+00
1945.905 0.00000E+00
1988.517 0.00000E+00
2031.130 0.00000E+00
2073.742 0.00000E+00
2116.355 0.00000E+00
2158.968 0.00000E+00
2201.580 0.00000E+00
2244.193 0.00000E+00
2286.805 0.00000E+00
2329.418 0.00000E+00
2372.031 0.00000E+00
2414.643 0.00000E+00
2457.256 0.00000E+00
2499.868 0.00000E+00
2542.481 0.00000E+00
2585.094 0.00000E+00
2627.706 0.00000E+00
2670.319 0.00000E+00
2712.931 0.00000E+00
2755.544 0.00000E+00
2798.156 0.00000E+00
2840.769 0.00000E+00
2883.382 0.00000E+00
2925.994 0.00000E+00
2968.607 0.00000E+00
3011.219 0.00000E+00
3053.832 0.00000E+00
3096.444 0.00000E+00
3139.057 0.00000E+00
3181.670 0.00000E+00
3224.282 0.00000E+00
3266.895 0.00000E+00
3309.508 0.00000E+00
3352.120 0.00000E+00
3394.733 0.00000E+00
3437.345 0.00000E+00
3479.958 0.00000E+00
3479.958 0.00000E+00
3517.468 0.67709E-04
3554.979 0.42850E-04
3592.490 0.26733E-04
3630.000 0.16281E-04
3630.000 0.16281E-04
3662.833 0.10166E-04
3695.667 0.60440E-05
3728.500 0.33086E-05
3761.333 0.15578E-05
3794.167 0.52889E-06
3827.000 0.57759E-07
3859.833 0.51574E-07
3892.667 0.47487E-06
3925.500 0.13372E-05
3958.333 0.26918E-05
3991.167 0.46379E-05
4024.000 0.73230E-05
4056.833 0.10953E-04
4089.667 0.15810E-04
4122.500 0.22259E-04
4155.333 0.30791E-04
4188.167 0.42038E-04
4221.000 0.56815E-04
4253.833 0.76180E-04
4286.667 0.10150E-03
4319.500 0.13450E-03
4352.333 0.17744E-03
4385.167 0.23314E-03
4418.000 0.30523E-03
4450.833 0.39829E-03
4483.667 0.51814E-03
4516.500 0.67211E-03
4549.333 0.86938E-03
4582.167 0.11216E-02
4615.000 0.14433E-02
4647.833 0.18526E-02
4680.667 0.23721E-02
4713.500 0.30298E-02
4746.333 0.38607E-02
4779.167 0.49078E-02
4812.000 0.62245E-02
4844.833 0.78760E-02
4877.667 0.99429E-02
4910.500 0.12524E-01
4943.333 0.15738E-01
4976.167 0.19734E-01
5009.000 0.24690E-01
5041.833 0.30821E-01
5074.667 0.38390E-01
5107.500 0.47713E-01
5140.333 0.59171E-01
5173.167 0.73221E-01
5206.000 0.90412E-01
5238.833 0.11140E+00
5271.667 0.13696E+00
5304.500 0.16803E+00
5337.333 0.20571E+00
5370.167 0.25131E+00
5403.000 0.30636E+00
5435.833 0.37269E+00
5468.667 0.45243E+00
5501.500 0.54808E+00
5534.333 0.66256E+00
5567.167 0.79929E+00
5600.000 0.96223E+00
5600.000 0.96224E+00
5625.250 0.11390E+01
5650.500 0.13301E+01
5675.750 0.15357E+01
5701.000 0.17559E+01
5701.000 0.25816E+01
5724.333 0.26423E+01
5747.667 0.27242E+01
5771.000 0.28275E+01
5771.000 0.28275E+01
5796.000 0.30762E+01
5821.000 0.33399E+01
5846.000 0.36175E+01
5871.000 0.39074E+01
5896.000 0.42076E+01
5921.000 0.45154E+01
5946.000 0.48276E+01
5971.000 0.51403E+01
5971.000 0.57483E+01
5993.500 0.58304E+01
6016.000 0.59355E+01
6038.500 0.60625E+01
6061.000 0.62102E+01
6083.500 0.63776E+01
6106.000 0.65639E+01
6128.500 0.67682E+01
6151.000 0.69896E+01
6151.000 0.77454E+01
6174.333 0.76300E+01
6197.667 0.75765E+01
6221.000 0.76018E+01
6244.333 0.77266E+01
6267.667 0.79755E+01
6291.000 0.83768E+01
6291.000 0.87581E+01
6309.543 0.92839E+01
6328.086 0.99530E+01
6346.629 0.10786E+02
6346.629 0.70431E+01
6351.314 0.70298E+01
6356.000 0.70167E+01
6356.000 0.41877E+01
6362.000 0.40717E+01
6368.000 0.39564E+01
6368.000 0.86382E-02
6369.500 0.21603E-02
6371.000 0.00000E+00
