0.000 0.00000E+00
22.620 0.00000E+00
45.240 0.00000E+00
67.861 0.00000E+00
90.481 0.00000E+00
113.101 0.00000E+00
135.721 0.00000E+00
158.341 0.00000E+00
180.962 0.00000E+00
203.582 0.00000E+00
226.202 0.00000E+00
248.822 0.00000E+00
271.442 0.00000E+00
294.063 0.00000E+00
316.683 0.00000E+00
339.303 0.00000E+00
361.923 0.00000E+00
384.543 0.00000E+00
407.164 0.00000E+00
429.784 0.00000E+00
452.404 0.00000E+00
475.024 0.00000E+00
497.644 0.00000E+00
520.265 0.00000E+00
542.885 0.00000E+00
565.505 0.00000E+00
588.125 0.00000E+00
610.745 0.00000E+00
633.366 0.00000E+00
655.986 0.00000E+00
678.606 0.00000E+00
701.226 0.00000E+00
723.846 0.00000E+00
746.467 0.00000E+00
769.087 0.00000E+00
791.707 0.00000E+00
814.327 0.00000E+00
836.947 0.00000E+00
859.568 0.00000E+00
882.188 0.00000E+00
904.808 0.00000E+00
927.428 0.00000E+00
950.048 0.00000E+00
972.669 0.00000E+00
995.289 0.00000E+00
1017.909 0.00000E+00
1040.529 0.00000E+00
1063.149 0.00000E+00
1085.770 0.00000E+00
1108.390 0.00000E+00
1131.010 0.00000E+00
1153.630 0.00000E+00
1176.250 0.00000E+00
1198.871 0.00000E+00
1221.491 0.00000E+00
1221.491 0.00000E+00
1264.103 0.00000E+00
1306.716 0.00000E+00
1349.328 0.00000E+00
1391.941 0.00000E+00
1434.554 0.00000E+00
1477.166 0.00000E+00
1519.779 0.00000E+00
1562.391 0.00000E+00
1605.004 0.00000E+00
1647.617 0.00000E+00
1690.229 0.00000E+00
1732.842 0.00000E+00
1775.454 0.00000E+00
1818.067 0.00000E+00
1860.679 0.00000E+00
1903.292 0.00000E+00
1945.905 0.00000E+00
1988.517 0.00000E+00
2031.130 0.00000E+00
2073.742 0.00000E+00
2116.355 0.00000E+00
2158.968 0.00000E+00
2201.580 0.00000E+00
2244.193 0.00000E+00
2286.805 0.00000E+00
2329.418 0.00000E+00
2372.031 0.00000E+00
2414.643 0.00000E+00
2457.256 0.00000E+00
2499.868 0.00000E+00
2542.481 0.00000E+00
2585.094 0.00000E+00
2627.706 0.00000E+00
2670.319 0.00000E+00
2712.931 0.00000E+00
2755.544 0.00000E+00
2798.156 0.00000E+00
2840.769 0.00000E+00
2883.382 0.00000E+00
2925.994 0.00000E+00
2968.607 0.00000E+00
3011.219 0.00000E+00
3053.832 0.00000E+00
3096.444 0.00000E+00
3139.057 0.00000E+00
3181.670 0.00000E+00
3224.282 0.00000E+00
3266.895 0.00000E+00
3309.508 0.00000E+00
3352.120 0.00000E+00
3394.733 0.00000E+00
3437.345 0.00000E+00
3479.958 0.10863E-06
3479.958 0.16750E-05
3517.468 0.12049E-05
3554.979 0.73557E-06
3592.490 0.42157E-06
3630.000 0.23212E-06
3630.000 0.23212E-06
3662.833 0.12935E-06
3695.667 0.65516E-07
3728.500 0.27361E-07
3761.333 0.70035E-08
3794.167 0.53357E-10
3827.000 0.45282E-08
3859.833 0.20350E-07
3892.667 0.49104E-07
3925.500 0.94174E-07
3958.333 0.16110E-06
3991.167 0.25801E-06
4024.000 0.39669E-06
4056.833 0.59391E-06
4089.667 0.87277E-06
4122.500 0.12659E-05
4155.333 0.18181E-05
4188.167 0.25906E-05
4221.000 0.36696E-05
4253.833 0.51704E-05
4286.667 0.72518E-05
4319.500 0.10132E-04
4352.333 0.14100E-04
4385.167 0.19554E-04
4418.000 0.27028E-04
4450.833 0.37241E-04
4483.667 0.51151E-04
4516.500 0.70049E-04
4549.333 0.95643E-04
4582.167 0.13021E-03
4615.000 0.17676E-03
4647.833 0.23927E-03
4680.667 0.32298E-03
4713.500 0.43474E-03
4746.333 0.58358E-03
4779.167 0.78130E-03
4812.000 0.10431E-02
4844.833 0.13891E-02
4877.667 0.18447E-02
4910.500 0.24433E-02
4943.333 0.32279E-02
4976.167 0.42533E-02
5009.000 0.55900E-02
5041.833 0.73277E-02
5074.667 0.95814E-02
5107.500 0.12497E-01
5140.333 0.16258E-01
5173.167 0.21099E-01
5206.000 0.27313E-01
5238.833 0.35271E-01
5271.667 0.45435E-01
5304.500 0.58386E-01
5337.333 0.74845E-01
5370.167 0.95715E-01
5403.000 0.12211E+00
5435.833 0.15542E+00
5468.667 0.19733E+00
5501.500 0.24996E+00
5534.333 0.31589E+00
5567.167 0.39827E+00
5600.000 0.50098E+00
5600.000 0.50098E+00
5625.250 0.62041E+00
5650.500 0.75441E+00
5675.750 0.90398E+00
5701.000 0.10702E+01
5701.000 0.17659E+01
5724.333 0.17993E+01
5747.667 0.18553E+01
5771.000 0.19343E+01
5771.000 0.19343E+01
5796.000 0.21492E+01
5821.000 0.23864E+01
5846.000 0.26462E+01
5871.000 0.29285E+01
5896.000 0.32327E+01
5921.000 0.35576E+01
5946.000 0.39010E+01
5971.000 0.42602E+01
5971.000 0.49822E+01
5993.500 0.50820E+01
6016.000 0.52180E+01
6038.500 0.53892E+01
6061.000 0.55954E+01
6083.500 0.58364E+01
6106.000 0.61124E+01
6128.500 0.64238E+01
6151.000 0.67713E+01
6151.000 0.79410E+01
6174.333 0.78686E+01
6197.667 0.78688E+01
6221.000 0.79658E+01
6244.333 0.81922E+01
6267.667 0.85897E+01
6291.000 0.92091E+01
6291.000 0.95863E+01
6309.543 0.10384E+02
6328.086 0.11411E+02
6346.629 0.12710E+02
6346.629 0.84146E+01
6351.314 0.84357E+01
6356.000 0.84578E+01
6356.000 0.50913E+01
6362.000 0.49623E+01
6368.000 0.48340E+01
6368.000 0.13425E-01
6369.500 0.33576E-02
6371.000 0.00000E+00
