0.000 0.00000E+00
22.620 0.00000E+00
45.240 0.00000E+00
67.861 0.00000E+00
90.481 0.00000E+00
113.101 0.00000E+00
135.721 0.00000E+00
158.341 0.00000E+00
180.962 0.00000E+00
203.582 0.00000E+00
226.202 0.00000E+00
248.822 0.00000E+00
271.442 0.00000E+00
294.063 0.00000E+00
316.683 0.00000E+00
339.303 0.00000E+00
361.923 0.00000E+00
384.543 0.00000E+00
407.164 0.00000E+00
429.784 0.00000E+00
452.404 0.00000E+00
475.024 0.00000E+00
497.644 0.00000E+00
520.265 0.00000E+00
542.885 0.00000E+00
565.505 0.00000E+00
588.125 0.00000E+00
610.745 0.00000E+00
633.366 0.00000E+00
655.986 0.00000E+00
678.606 0.00000E+00
701.226 0.00000E+00
723.846 0.00000E+00
746.467 0.00000E+00
769.087 0.00000E+00
791.707 0.00000E+00
814.327 0.00000E+00
836.947 0.00000E+00
859.568 0.00000E+00
882.188 0.00000E+00
904.808 0.00000E+00
927.428 0.00000E+00
950.048 0.00000E+00
972.669 0.00000E+00
995.289 0.00000E+00
1017.909 0.00000E+00
1040.529 0.00000E+00
1063.149 0.00000E+00
1085.770 0.00000E+00
1108.390 0.00000E+00
1131.010 0.00000E+00
1153.630 0.00000E+00
1176.250 0.00000E+00
1198.871 0.00000E+00
1221.491 0.00000E+00
1221.491 0.00000E+00
1264.103 0.00000E+00
1306.716 0.00000E+00
1349.328 0.00000E+00
1391.941 0.00000E+00
1434.554 0.00000E+00
1477.166 0.00000E+00
1519.779 0.00000E+00
1562.391 0.00000E+00
1605.004 0.00000E+00
1647.617 0.00000E+00
1690.229 0.00000E+00
1732.842 0.00000E+00
1775.454 0.00000E+00
1818.067 0.00000E+00
1860.679 0.00000E+00
1903.292 0.00000E+00
1945.905 0.00000E+00
1988.517 0.00000E+00
2031.130 0.00000E+00
2073.742 0.00000E+00
2116.355 0.00000E+00
2158.968 0.00000E+00
2201.580 0.00000E+00
2244.193 0.00000E+00
2286.805 0.00000E+00
2329.418 0.00000E+00
2372.031 0.15691E-06
2414.643 0.25541E-06
2457.256 0.41318E-06
2499.868 0.66384E-06
2542.481 0.10588E-05
2585.094 0.16765E-05
2627.706 0.26349E-05
2670.319 0.41113E-05
2712.931 0.63699E-05
2755.544 0.98008E-05
2798.156 0.14978E-04
2840.769 0.22739E-04
2883.382 0.34303E-04
2925.994 0.51424E-04
2968.607 0.76625E-04
3011.219 0.11350E-03
3053.832 0.16715E-03
3096.444 0.24480E-03
3139.057 0.35656E-03
3181.670 0.51659E-03
3224.282 0.74453E-03
3266.895 0.10676E-02
3309.508 0.15234E-02
3352.120 0.21632E-02
3394.733 0.30571E-02
3437.345 0.43005E-02
3479.958 0.60221E-02
3479.958 0.68022E-01
3517.468 0.50253E-01
3554.979 0.36977E-01
3592.490 0.27036E-01
3630.000 0.19582E-01
3630.000 0.19582E-01
3662.833 0.14609E-01
3695.667 0.10768E-01
3728.500 0.78078E-02
3761.333 0.55348E-02
3794.167 0.38013E-02
3827.000 0.24947E-02
3859.833 0.15289E-02
3892.667 0.83914E-03
3925.500 0.37678E-03
3958.333 0.10624E-03
3991.167 0.23872E-05
4024.000 0.48531E-04
4056.833 0.23495E-03
4089.667 0.55823E-03
4122.500 0.10202E-02
4155.333 0.16277E-02
4188.167 0.23924E-02
4221.000 0.33307E-02
4253.833 0.44635E-02
4286.667 0.58172E-02
4319.500 0.74236E-02
4352.333 0.93199E-02
4385.167 0.11550E-01
4418.000 0.14166E-01
4450.833 0.17227E-01
4483.667 0.20801E-01
4516.500 0.24966E-01
4549.333 0.29812E-01
4582.167 0.35442E-01
4615.000 0.41971E-01
4647.833 0.49532E-01
4680.667 0.58272E-01
4713.500 0.68362E-01
4746.333 0.79992E-01
4779.167 0.93374E-01
4812.000 0.10875E+00
4844.833 0.12639E+00
4877.667 0.14659E+00
4910.500 0.16968E+00
4943.333 0.19605E+00
4976.167 0.22610E+00
5009.000 0.26029E+00
5041.833 0.29913E+00
5074.667 0.34318E+00
5107.500 0.39306E+00
5140.333 0.44943E+00
5173.167 0.51305E+00
5206.000 0.58471E+00
5238.833 0.66530E+00
5271.667 0.75578E+00
5304.500 0.85717E+00
5337.333 0.97061E+00
5370.167 0.10973E+01
5403.000 0.12385E+01
5435.833 0.13957E+01
5468.667 0.15703E+01
5501.500 0.17639E+01
5534.333 0.19781E+01
5567.167 0.22148E+01
5600.000 0.24758E+01
5600.000 0.24758E+01
5625.250 0.27126E+01
5650.500 0.29517E+01
5675.750 0.31920E+01
5701.000 0.34319E+01
5701.000 0.40588E+01
5724.333 0.41588E+01
5747.667 0.42689E+01
5771.000 0.43889E+01
5771.000 0.43889E+01
5796.000 0.46028E+01
5821.000 0.48120E+01
5846.000 0.50146E+01
5871.000 0.52084E+01
5896.000 0.53911E+01
5921.000 0.55605E+01
5946.000 0.57138E+01
5971.000 0.58485E+01
5971.000 0.60291E+01
5993.500 0.60631E+01
6016.000 0.60997E+01
6038.500 0.61382E+01
6061.000 0.61779E+01
6083.500 0.62179E+01
6106.000 0.62576E+01
6128.500 0.62962E+01
6151.000 0.63328E+01
6151.000 0.63618E+01
6174.333 0.62684E+01
6197.667 0.62130E+01
6221.000 0.62012E+01
6244.333 0.62391E+01
6267.667 0.63330E+01
6291.000 0.64892E+01
6291.000 0.68491E+01
6309.543 0.70568E+01
6328.086 0.73142E+01
6346.629 0.76250E+01
6346.629 0.48268E+01
6351.314 0.47957E+01
6356.000 0.47645E+01
6356.000 0.27873E+01
6362.000 0.27140E+01
6368.000 0.26411E+01
6368.000 0.27885E-02
6369.500 0.69724E-03
6371.000 0.00000E+00
