0.000 0.00000E+00
22.620 0.00000E+00
45.240 0.00000E+00
67.861 0.00000E+00
90.481 0.00000E+00
113.101 0.00000E+00
135.721 0.00000E+00
158.341 0.00000E+00
180.962 0.00000E+00
203.582 0.00000E+00
226.202 0.00000E+00
248.822 0.00000E+00
271.442 0.00000E+00
294.063 0.00000E+00
316.683 0.00000E+00
339.303 0.00000E+00
361.923 0.00000E+00
384.543 0.00000E+00
407.164 0.00000E+00
429.784 0.00000E+00
452.404 0.00000E+00
475.024 0.00000E+00
497.644 0.00000E+00
520.265 0.00000E+00
542.885 0.00000E+00
565.505 0.00000E+00
588.125 0.00000E+00
610.745 0.00000E+00
633.366 0.00000E+00
655.986 0.00000E+00
678.606 0.00000E+00
701.226 0.00000E+00
723.846 0.00000E+00
746.467 0.00000E+00
769.087 0.00000E+00
791.707 0.00000E+00
814.327 0.00000E+00
836.947 0.00000E+00
859.568 0.00000E+00
882.188 0.00000E+00
904.808 0.00000E+00
927.428 0.00000E+00
950.048 0.00000E+00
972.669 0.00000E+00
995.289 0.00000E+00
1017.909 0.00000E+00
1040.529 0.00000E+00
1063.149 0.00000E+00
1085.770 0.00000E+00
1108.390 0.00000E+00
1131.010 0.00000E+00
1153.630 0.00000E+00
1176.250 0.00000E+00
1198.871 0.00000E+00
1221.491 0.00000E+00
1221.491 0.00000E+00
1264.103 0.00000E+00
1306.716 0.00000E+00
1349.328 0.00000E+00
1391.941 0.00000E+00
1434.554 0.00000E+00
1477.166 0.00000E+00
1519.779 0.00000E+00
1562.391 0.00000E+00
1605.004 0.00000E+00
1647.617 0.00000E+00
1690.229 0.00000E+00
1732.842 0.00000E+00
1775.454 0.00000E+00
1818.067 0.00000E+00
1860.679 0.00000E+00
1903.292 0.00000E+00
1945.905 0.00000E+00
1988.517 0.00000E+00
2031.130 0.00000E+00
2073.742 0.00000E+00
2116.355 0.00000E+00
2158.968 0.00000E+00
2201.580 0.00000E+00
2244.193 0.00000E+00
2286.805 0.00000E+00
2329.418 0.00000E+00
2372.031 0.00000E+00
2414.643 0.00000E+00
2457.256 0.00000E+00
2499.868 0.00000E+00
2542.481 0.00000E+00
2585.094 0.00000E+00
2627.706 0.00000E+00
2670.319 0.00000E+00
2712.931 0.00000E+00
2755.544 0.00000E+00
2798.156 0.00000E+00
2840.769 0.00000E+00
2883.382 0.00000E+00
2925.994 0.00000E+00
2968.607 0.00000E+00
3011.219 0.00000E+00
3053.832 0.00000E+00
3096.444 0.00000E+00
3139.057 0.00000E+00
3181.670 0.00000E+00
3224.282 0.00000E+00
3266.895 0.00000E+00
3309.508 0.00000E+00
3352.120 0.00000E+00
3394.733 0.00000E+00
3437.345 0.00000E+00
3479.958 0.00000E+00
3479.958 0.00000E+00
3517.468 0.00000E+00
3554.979 0.00000E+00
3592.490 0.00000E+00
3630.000 0.00000E+00
3630.000 0.00000E+00
3662.833 0.00000E+00
3695.667 0.00000E+00
3728.500 0.00000E+00
3761.333 0.00000E+00
3794.167 0.13748E-06
3827.000 0.18626E-06
3859.833 0.19421E-06
3892.667 0.19345E-06
3925.500 0.73704E-07
3958.333 0.33675E-07
3991.167 0.14765E-07
4024.000 0.52033E-08
4056.833 0.84810E-09
4089.667 0.12566E-09
4122.500 0.26565E-08
4155.333 0.88301E-08
4188.167 0.19783E-07
4221.000 0.37499E-07
4253.833 0.65149E-07
4286.667 0.10754E-06
4319.500 0.17188E-06
4352.333 0.26899E-06
4385.167 0.41481E-06
4418.000 0.63261E-06
4450.833 0.95686E-06
4483.667 0.14378E-05
4516.500 0.21481E-05
4549.333 0.31935E-05
4582.167 0.47272E-05
4615.000 0.69696E-05
4647.833 0.10234E-04
4680.667 0.14974E-04
4713.500 0.21829E-04
4746.333 0.31715E-04
4779.167 0.45921E-04
4812.000 0.66270E-04
4844.833 0.95318E-04
4877.667 0.13667E-03
4910.500 0.19531E-03
4943.333 0.27822E-03
4976.167 0.39514E-03
5009.000 0.55939E-03
5041.833 0.78951E-03
5074.667 0.11108E-02
5107.500 0.15582E-02
5140.333 0.21794E-02
5173.167 0.30390E-02
5206.000 0.42250E-02
5238.833 0.58567E-02
5271.667 0.80949E-02
5304.500 0.11156E-01
5337.333 0.15331E-01
5370.167 0.21008E-01
5403.000 0.28707E-01
5435.833 0.39117E-01
5468.667 0.53153E-01
5501.500 0.72027E-01
5534.333 0.97337E-01
5567.167 0.13118E+00
5600.000 0.17632E+00
5600.000 0.17632E+00
5625.250 0.23355E+00
5650.500 0.30132E+00
5675.750 0.38107E+00
5701.000 0.47449E+00
5701.000 0.91740E+00
5724.333 0.92421E+00
5747.667 0.95076E+00
5771.000 0.99728E+00
5771.000 0.99729E+00
5796.000 0.11441E+01
5821.000 0.13153E+01
5846.000 0.15131E+01
5871.000 0.17396E+01
5896.000 0.19966E+01
5921.000 0.22856E+01
5946.000 0.26074E+01
5971.000 0.29624E+01
5971.000 0.36908E+01
5993.500 0.37937E+01
6016.000 0.39471E+01
6038.500 0.41518E+01
6061.000 0.44095E+01
6083.500 0.47228E+01
6106.000 0.50955E+01
6128.500 0.55319E+01
6151.000 0.60376E+01
6151.000 0.76917E+01
6174.333 0.77217E+01
6197.667 0.78382E+01
6221.000 0.80754E+01
6244.333 0.84859E+01
6267.667 0.91438E+01
6291.000 0.10147E+02
6291.000 0.10505E+02
6309.543 0.11790E+02
6328.086 0.13481E+02
6346.629 0.15679E+02
6346.629 0.10553E+02
6351.314 0.10660E+02
6356.000 0.10770E+02
6356.000 0.65485E+01
6362.000 0.64194E+01
6368.000 0.62915E+01
6368.000 0.22243E-01
6369.500 0.55639E-02
6371.000 0.00000E+00
