0.000 0.00000E+00
22.620 0.00000E+00
45.240 0.00000E+00
67.861 0.00000E+00
90.481 0.00000E+00
113.101 0.00000E+00
135.721 0.00000E+00
158.341 0.00000E+00
180.962 0.00000E+00
203.582 0.00000E+00
226.202 0.00000E+00
248.822 0.00000E+00
271.442 0.00000E+00
294.063 0.00000E+00
316.683 0.00000E+00
339.303 0.00000E+00
361.923 0.00000E+00
384.543 0.00000E+00
407.164 0.00000E+00
429.784 0.00000E+00
452.404 0.00000E+00
475.024 0.00000E+00
497.644 0.00000E+00
520.265 0.00000E+00
542.885 0.00000E+00
565.505 0.00000E+00
588.125 0.00000E+00
610.745 0.00000E+00
633.366 0.00000E+00
655.986 0.00000E+00
678.606 0.00000E+00
701.226 0.00000E+00
723.846 0.00000E+00
746.467 0.00000E+00
769.087 0.00000E+00
791.707 0.00000E+00
814.327 0.00000E+00
836.947 0.00000E+00
859.568 0.00000E+00
882.188 0.00000E+00
904.808 0.00000E+00
927.428 0.00000E+00
950.048 0.00000E+00
972.669 0.00000E+00
995.289 0.00000E+00
1017.909 0.00000E+00
1040.529 0.00000E+00
1063.149 0.00000E+00
1085.770 0.00000E+00
1108.390 0.00000E+00
1131.010 0.00000E+00
1153.630 0.00000E+00
1176.250 0.00000E+00
1198.871 0.00000E+00
1221.491 0.00000E+00
1221.491 0.00000E+00
1264.103 0.00000E+00
1306.716 0.00000E+00
1349.328 0.00000E+00
1391.941 0.00000E+00
1434.554 0.00000E+00
1477.166 0.00000E+00
1519.779 0.00000E+00
1562.391 0.00000E+00
1605.004 0.00000E+00
1647.617 0.00000E+00
1690.229 0.00000E+00
1732.842 0.00000E+00
1775.454 0.00000E+00
1818.067 0.00000E+00
1860.679 0.00000E+00
1903.292 0.00000E+00
1945.905 0.00000E+00
1988.517 0.00000E+00
2031.130 0.00000E+00
2073.742 0.00000E+00
2116.355 0.00000E+00
2158.968 0.00000E+00
2201.580 0.00000E+00
2244.193 0.00000E+00
2286.805 0.00000E+00
2329.418 0.00000E+00
2372.031 0.00000E+00
2414.643 0.00000E+00
2457.256 0.00000E+00
2499.868 0.00000E+00
2542.481 0.00000E+00
2585.094 0.00000E+00
2627.706 0.00000E+00
2670.319 0.00000E+00
2712.931 0.00000E+00
2755.544 0.00000E+00
2798.156 0.00000E+00
2840.769 0.00000E+00
2883.382 0.00000E+00
2925.994 0.00000E+00
2968.607 0.00000E+00
3011.219 0.00000E+00
3053.832 0.00000E+00
3096.444 0.00000E+00
3139.057 0.00000E+00
3181.670 0.00000E+00
3224.282 0.00000E+00
3266.895 0.00000E+00
3309.508 0.00000E+00
3352.120 0.00000E+00
3394.733 0.00000E+00
3437.345 0.00000E+00
3479.958 0.00000E+00
3479.958 0.00000E+00
3517.468 0.00000E+00
3554.979 0.11724E-03
3592.490 0.74851E-04
3630.000 0.46783E-04
3630.000 0.46783E-04
3662.833 0.30047E-04
3695.667 0.18530E-04
3728.500 0.10700E-04
3761.333 0.55158E-05
3794.167 0.22786E-05
3827.000 0.53281E-06
3859.833 0.21646E-09
3892.667 0.53816E-06
3925.500 0.21143E-05
3958.333 0.47900E-05
3991.167 0.87251E-05
4024.000 0.14172E-04
4056.833 0.21492E-04
4089.667 0.31184E-04
4122.500 0.43904E-04
4155.333 0.60484E-04
4188.167 0.82026E-04
4221.000 0.10993E-03
4253.833 0.14594E-03
4286.667 0.19233E-03
4319.500 0.25195E-03
4352.333 0.32834E-03
4385.167 0.42605E-03
4418.000 0.55073E-03
4450.833 0.70941E-03
4483.667 0.91091E-03
4516.500 0.11661E-02
4549.333 0.14888E-02
4582.167 0.18958E-02
4615.000 0.24076E-02
4647.833 0.30503E-02
4680.667 0.38551E-02
4713.500 0.48608E-02
4746.333 0.61145E-02
4779.167 0.76743E-02
4812.000 0.96100E-02
4844.833 0.12007E-01
4877.667 0.14969E-01
4910.500 0.18621E-01
4943.333 0.23113E-01
4976.167 0.28628E-01
5009.000 0.35382E-01
5041.833 0.43637E-01
5074.667 0.53703E-01
5107.500 0.65952E-01
5140.333 0.80825E-01
5173.167 0.98845E-01
5206.000 0.12063E+00
5238.833 0.14691E+00
5271.667 0.17855E+00
5304.500 0.21656E+00
5337.333 0.26212E+00
5370.167 0.31661E+00
5403.000 0.38165E+00
5435.833 0.45911E+00
5468.667 0.55118E+00
5501.500 0.66037E+00
5534.333 0.78959E+00
5567.167 0.94219E+00
5600.000 0.11220E+01
5600.000 0.11220E+01
5625.250 0.13133E+01
5650.500 0.15181E+01
5675.750 0.17364E+01
5701.000 0.19681E+01
5701.000 0.28078E+01
5724.333 0.28759E+01
5747.667 0.29643E+01
5771.000 0.30731E+01
5771.000 0.30731E+01
5796.000 0.33258E+01
5821.000 0.35911E+01
5846.000 0.38674E+01
5871.000 0.41528E+01
5896.000 0.44452E+01
5921.000 0.47417E+01
5946.000 0.50388E+01
5971.000 0.53326E+01
5971.000 0.58951E+01
5993.500 0.59711E+01
6016.000 0.60667E+01
6038.500 0.61808E+01
6061.000 0.63122E+01
6083.500 0.64598E+01
6106.000 0.66226E+01
6128.500 0.67996E+01
6151.000 0.69899E+01
6151.000 0.76354E+01
6174.333 0.75151E+01
6197.667 0.74537E+01
6221.000 0.74664E+01
6244.333 0.75711E+01
6267.667 0.77890E+01
6291.000 0.81439E+01
6291.000 0.85249E+01
6309.543 0.89922E+01
6328.086 0.95854E+01
6346.629 0.10321E+02
6346.629 0.67130E+01
6351.314 0.66941E+01
6356.000 0.66752E+01
6356.000 0.39740E+01
6362.000 0.38628E+01
6368.000 0.37523E+01
6368.000 0.75893E-02
6369.500 0.18979E-02
6371.000 0.00000E+00
