0.000 0.00000E+00
22.620 0.00000E+00
45.240 0.00000E+00
67.861 0.00000E+00
90.481 0.00000E+00
113.101 0.00000E+00
135.721 0.00000E+00
158.341 0.00000E+00
180.962 0.00000E+00
203.582 0.00000E+00
226.202 0.00000E+00
248.822 0.00000E+00
271.442 0.00000E+00
294.063 0.00000E+00
316.683 0.00000E+00
339.303 0.00000E+00
361.923 0.00000E+00
384.543 0.00000E+00
407.164 0.00000E+00
429.784 0.00000E+00
452.404 0.00000E+00
475.024 0.00000E+00
497.644 0.00000E+00
520.265 0.00000E+00
542.885 0.00000E+00
565.505 0.00000E+00
588.125 0.00000E+00
610.745 0.00000E+00
633.366 0.00000E+00
655.986 0.00000E+00
678.606 0.00000E+00
701.226 0.00000E+00
723.846 0.00000E+00
746.467 0.00000E+00
769.087 0.00000E+00
791.707 0.00000E+00
814.327 0.00000E+00
836.947 0.00000E+00
859.568 0.00000E+00
882.188 0.00000E+00
904.808 0.00000E+00
927.428 0.00000E+00
950.048 0.00000E+00
972.669 0.00000E+00
995.289 0.00000E+00
1017.909 0.00000E+00
1040.529 0.00000E+00
1063.149 0.00000E+00
1085.770 0.00000E+00
1108.390 0.00000E+00
1131.010 0.00000E+00
1153.630 0.00000E+00
1176.250 0.00000E+00
1198.871 0.00000E+00
1221.491 0.00000E+00
1221.491 0.00000E+00
1264.103 0.00000E+00
1306.716 0.00000E+00
1349.328 0.00000E+00
1391.941 0.00000E+00
1434.554 0.00000E+00
1477.166 0.00000E+00
1519.779 0.00000E+00
1562.391 0.00000E+00
1605.004 0.00000E+00
1647.617 0.00000E+00
1690.229 0.00000E+00
1732.842 0.00000E+00
1775.454 0.00000E+00
1818.067 0.00000E+00
1860.679 0.00000E+00
1903.292 0.00000E+00
1945.905 0.00000E+00
1988.517 0.00000E+00
2031.130 0.00000E+00
2073.742 0.00000E+00
2116.355 0.00000E+00
2158.968 0.00000E+00
2201.580 0.00000E+00
2244.193 0.00000E+00
2286.805 0.00000E+00
2329.418 0.00000E+00
2372.031 0.00000E+00
2414.643 0.00000E+00
2457.256 0.00000E+00
2499.868 0.00000E+00
2542.481 0.00000E+00
2585.094 0.00000E+00
2627.706 0.00000E+00
2670.319 0.00000E+00
2712.931 0.00000E+00
2755.544 0.00000E+00
2798.156 0.00000E+00
2840.769 0.00000E+00
2883.382 0.00000E+00
2925.994 0.00000E+00
2968.607 0.00000E+00
3011.219 0.00000E+00
3053.832 0.00000E+00
3096.444 0.00000E+00
3139.057 0.00000E+00
3181.670 -0.00000E+00
3224.282 -0.00000E+00
3266.895 -0.00000E+00
3309.508 -0.00000E+00
3352.120 -0.00000E+00
3394.733 -0.00000E+00
3437.345 -0.00000E+00
3479.958 -0.00000E+00
3479.958 0.17422E+01
3517.468 0.16504E+01
3554.979 0.14990E+01
3592.490 0.12985E+01
3630.000 0.10654E+01
3630.000 0.10654E+01
3662.833 0.84851E+00
3695.667 0.63713E+00
3728.500 0.44510E+00
3761.333 0.28436E+00
3794.167 0.16363E+00
3827.000 0.87387E-01
3859.833 0.55361E-01
3892.667 0.62628E-01
3925.500 0.10034E+00
3958.333 0.15704E+00
3991.167 0.22040E+00
4024.000 0.27921E+00
4056.833 0.32522E+00
4089.667 0.35472E+00
4122.500 0.36947E+00
4155.333 0.37680E+00
4188.167 0.38887E+00
4221.000 0.42098E+00
4253.833 0.48927E+00
4286.667 0.60794E+00
4319.500 0.78648E+00
4352.333 0.10273E+01
4385.167 0.13240E+01
4418.000 0.16610E+01
4450.833 0.20142E+01
4483.667 0.23529E+01
4516.500 0.26432E+01
4549.333 0.28515E+01
4582.167 0.29487E+01
4615.000 0.29138E+01
4647.833 0.27369E+01
4680.667 0.24211E+01
4713.500 0.19816E+01
4746.333 0.14451E+01
4779.167 0.84627E+00
4812.000 0.22386E+00
4844.833 -0.38371E+00
4877.667 -0.94261E+00
4910.500 -0.14270E+01
4943.333 -0.18214E+01
4976.167 -0.21208E+01
5009.000 -0.23302E+01
5041.833 -0.24618E+01
5074.667 -0.25319E+01
5107.500 -0.25573E+01
5140.333 -0.25517E+01
5173.167 -0.25230E+01
5206.000 -0.24721E+01
5238.833 -0.23926E+01
5271.667 -0.22724E+01
5304.500 -0.20955E+01
5337.333 -0.18451E+01
5370.167 -0.15069E+01
5403.000 -0.10717E+01
5435.833 -0.53761E+00
5468.667 0.88106E-01
5501.500 0.78869E+00
5534.333 0.15378E+01
5567.167 0.23004E+01
5600.000 0.30341E+01
5600.000 0.30341E+01
5625.250 0.36067E+01
5650.500 0.41214E+01
5675.750 0.45528E+01
5701.000 0.48734E+01
5701.000 0.60554E+01
5724.333 0.61261E+01
5747.667 0.59727E+01
5771.000 0.55911E+01
5771.000 0.55912E+01
5796.000 0.50769E+01
5821.000 0.43008E+01
5846.000 0.32993E+01
5871.000 0.21421E+01
5896.000 0.93075E+00
5921.000 -0.20902E+00
5946.000 -0.11417E+01
5971.000 -0.17414E+01
5971.000 -0.18051E+01
5993.500 -0.19656E+01
6016.000 -0.17543E+01
6038.500 -0.12136E+01
6061.000 -0.42464E+00
6083.500 0.50389E+00
6106.000 0.14506E+01
6128.500 0.22985E+01
6151.000 0.29507E+01
6151.000 0.34150E+01
6174.333 0.38853E+01
6197.667 0.39254E+01
6221.000 0.35869E+01
6244.333 0.29769E+01
6267.667 0.22309E+01
6291.000 0.14828E+01
6291.000 0.14680E+01
6309.543 0.95571E+00
6328.086 0.54230E+00
6346.629 0.24474E+00
6346.629 0.24416E+00
6351.314 0.18607E+00
6356.000 0.13546E+00
6356.000 0.12042E+00
6362.000 0.69060E-01
6368.000 0.31568E-01
6368.000 0.00000E+00
6369.500 0.00000E+00
6371.000 0.00000E+00
