0.000 0.00000E+00
22.620 0.00000E+00
45.240 0.00000E+00
67.861 0.00000E+00
90.481 0.00000E+00
113.101 0.00000E+00
135.721 0.00000E+00
158.341 0.00000E+00
180.962 0.00000E+00
203.582 0.00000E+00
226.202 0.00000E+00
248.822 0.00000E+00
271.442 0.00000E+00
294.063 0.00000E+00
316.683 0.00000E+00
339.303 0.00000E+00
361.923 0.00000E+00
384.543 0.00000E+00
407.164 0.00000E+00
429.784 0.00000E+00
452.404 0.00000E+00
475.024 0.00000E+00
497.644 0.00000E+00
520.265 0.00000E+00
542.885 0.00000E+00
565.505 0.00000E+00
588.125 0.00000E+00
610.745 0.00000E+00
633.366 0.00000E+00
655.986 0.00000E+00
678.606 0.00000E+00
701.226 0.00000E+00
723.846 0.00000E+00
746.467 0.00000E+00
769.087 0.00000E+00
791.707 0.00000E+00
814.327 0.00000E+00
836.947 0.00000E+00
859.568 0.00000E+00
882.188 0.00000E+00
904.808 0.00000E+00
927.428 0.00000E+00
950.048 0.00000E+00
972.669 0.00000E+00
995.289 0.00000E+00
1017.909 0.00000E+00
1040.529 0.00000E+00
1063.149 0.00000E+00
1085.770 0.00000E+00
1108.390 0.00000E+00
1131.010 0.00000E+00
1153.630 0.00000E+00
1176.250 0.00000E+00
1198.871 0.00000E+00
1221.491 0.00000E+00
1221.491 0.00000E+00
1264.103 0.00000E+00
1306.716 0.00000E+00
1349.328 0.00000E+00
1391.941 0.00000E+00
1434.554 0.00000E+00
1477.166 0.00000E+00
1519.779 0.00000E+00
1562.391 0.00000E+00
1605.004 0.00000E+00
1647.617 0.00000E+00
1690.229 0.00000E+00
1732.842 0.00000E+00
1775.454 0.00000E+00
1818.067 0.00000E+00
1860.679 0.00000E+00
1903.292 0.00000E+00
1945.905 0.00000E+00
1988.517 0.00000E+00
2031.130 0.00000E+00
2073.742 0.00000E+00
2116.355 0.00000E+00
2158.968 0.00000E+00
2201.580 0.00000E+00
2244.193 0.00000E+00
2286.805 0.00000E+00
2329.418 0.00000E+00
2372.031 0.00000E+00
2414.643 0.00000E+00
2457.256 0.00000E+00
2499.868 0.00000E+00
2542.481 0.00000E+00
2585.094 0.00000E+00
2627.706 0.00000E+00
2670.319 0.00000E+00
2712.931 0.00000E+00
2755.544 0.00000E+00
2798.156 0.00000E+00
2840.769 0.00000E+00
2883.382 0.00000E+00
2925.994 0.00000E+00
2968.607 0.00000E+00
3011.219 0.00000E+00
3053.832 0.00000E+00
3096.444 0.00000E+00
3139.057 0.00000E+00
3181.670 0.00000E+00
3224.282 0.00000E+00
3266.895 0.00000E+00
3309.508 0.00000E+00
3352.120 0.00000E+00
3394.733 0.00000E+00
3437.345 0.00000E+00
3479.958 0.00000E+00
3479.958 -0.40184E-01
3517.468 -0.23489E-01
3554.979 0.49463E-01
3592.490 0.14745E+00
3630.000 0.25156E+00
3630.000 0.25156E+00
3662.833 0.33948E+00
3695.667 0.41966E+00
3728.500 0.49009E+00
3761.333 0.55008E+00
3794.167 0.59981E+00
3827.000 0.63994E+00
3859.833 0.67139E+00
3892.667 0.69515E+00
3925.500 0.71222E+00
3958.333 0.72354E+00
3991.167 0.72992E+00
4024.000 0.73206E+00
4056.833 0.73052E+00
4089.667 0.72574E+00
4122.500 0.71805E+00
4155.333 0.70766E+00
4188.167 0.69469E+00
4221.000 0.67919E+00
4253.833 0.66116E+00
4286.667 0.64054E+00
4319.500 0.61725E+00
4352.333 0.59120E+00
4385.167 0.56232E+00
4418.000 0.53055E+00
4450.833 0.49586E+00
4483.667 0.45832E+00
4516.500 0.41804E+00
4549.333 0.37523E+00
4582.167 0.33022E+00
4615.000 0.28343E+00
4647.833 0.23546E+00
4680.667 0.18704E+00
4713.500 0.13904E+00
4746.333 0.92552E-01
4779.167 0.48810E-01
4812.000 0.92532E-02
4844.833 -0.24489E-01
4877.667 -0.50596E-01
4910.500 -0.67054E-01
4943.333 -0.71667E-01
4976.167 -0.62061E-01
5009.000 -0.35704E-01
5041.833 0.10077E-01
5074.667 0.78075E-01
5107.500 0.17117E+00
5140.333 0.29230E+00
5173.167 0.44442E+00
5206.000 0.63044E+00
5238.833 0.85323E+00
5271.667 0.11155E+01
5304.500 0.14198E+01
5337.333 0.17684E+01
5370.167 0.21632E+01
5403.000 0.26059E+01
5435.833 0.30976E+01
5468.667 0.36389E+01
5501.500 0.42299E+01
5534.333 0.48699E+01
5567.167 0.55576E+01
5600.000 0.62910E+01
5600.000 0.62909E+01
5625.250 0.69158E+01
5650.500 0.75645E+01
5675.750 0.82333E+01
5701.000 0.89176E+01
5701.000 0.88619E+01
5724.333 0.94499E+01
5747.667 0.10037E+02
5771.000 0.10619E+02
5771.000 0.10619E+02
5796.000 0.11196E+02
5821.000 0.11738E+02
5846.000 0.12235E+02
5871.000 0.12679E+02
5896.000 0.13059E+02
5921.000 0.13367E+02
5946.000 0.13593E+02
5971.000 0.13729E+02
5971.000 0.13472E+02
5993.500 0.13557E+02
6016.000 0.13575E+02
6038.500 0.13523E+02
6061.000 0.13400E+02
6083.500 0.13206E+02
6106.000 0.12941E+02
6128.500 0.12606E+02
6151.000 0.12204E+02
6151.000 0.11587E+02
6174.333 0.11065E+02
6197.667 0.10490E+02
6221.000 0.98703E+01
6244.333 0.92134E+01
6267.667 0.85286E+01
6291.000 0.78255E+01
6291.000 0.78787E+01
6309.543 0.73081E+01
6328.086 0.67363E+01
6346.629 0.61675E+01
6346.629 0.40015E+01
6351.314 0.38841E+01
6356.000 0.37679E+01
6356.000 0.26093E+01
6362.000 0.24879E+01
6368.000 0.23728E+01
6368.000 0.00000E+00
6369.500 0.00000E+00
6371.000 0.00000E+00
