0.000 0.00000E+00
22.620 0.00000E+00
45.240 0.00000E+00
67.861 0.00000E+00
90.481 0.00000E+00
113.101 0.00000E+00
135.721 0.00000E+00
158.341 0.00000E+00
180.962 0.00000E+00
203.582 0.00000E+00
226.202 0.00000E+00
248.822 0.00000E+00
271.442 0.00000E+00
294.063 0.00000E+00
316.683 0.00000E+00
339.303 0.00000E+00
361.923 0.00000E+00
384.543 0.00000E+00
407.164 0.00000E+00
429.784 0.00000E+00
452.404 0.00000E+00
475.024 0.00000E+00
497.644 0.00000E+00
520.265 0.00000E+00
542.885 0.00000E+00
565.505 0.00000E+00
588.125 0.00000E+00
610.745 0.00000E+00
633.366 0.00000E+00
655.986 0.00000E+00
678.606 0.00000E+00
701.226 0.00000E+00
723.846 0.00000E+00
746.467 0.00000E+00
769.087 0.00000E+00
791.707 0.00000E+00
814.327 0.00000E+00
836.947 0.00000E+00
859.568 0.00000E+00
882.188 0.00000E+00
904.808 0.00000E+00
927.428 0.00000E+00
950.048 0.00000E+00
972.669 0.00000E+00
995.289 0.00000E+00
1017.909 0.00000E+00
1040.529 0.00000E+00
1063.149 0.00000E+00
1085.770 0.00000E+00
1108.390 0.00000E+00
1131.010 0.00000E+00
1153.630 0.00000E+00
1176.250 0.00000E+00
1198.871 0.00000E+00
1221.491 0.00000E+00
1221.491 0.00000E+00
1264.103 0.00000E+00
1306.716 0.00000E+00
1349.328 0.00000E+00
1391.941 0.00000E+00
1434.554 0.00000E+00
1477.166 0.00000E+00
1519.779 0.00000E+00
1562.391 0.00000E+00
1605.004 0.00000E+00
1647.617 0.00000E+00
1690.229 0.00000E+00
1732.842 0.00000E+00
1775.454 0.00000E+00
1818.067 0.00000E+00
1860.679 0.00000E+00
1903.292 0.00000E+00
1945.905 0.00000E+00
1988.517 0.00000E+00
2031.130 0.00000E+00
2073.742 0.00000E+00
2116.355 0.00000E+00
2158.968 0.00000E+00
2201.580 0.00000E+00
2244.193 0.00000E+00
2286.805 0.00000E+00
2329.418 0.00000E+00
2372.031 0.00000E+00
2414.643 0.00000E+00
2457.256 0.00000E+00
2499.868 0.00000E+00
2542.481 0.00000E+00
2585.094 0.00000E+00
2627.706 0.00000E+00
2670.319 0.00000E+00
2712.931 0.00000E+00
2755.544 0.00000E+00
2798.156 0.00000E+00
2840.769 0.00000E+00
2883.382 0.00000E+00
2925.994 0.00000E+00
2968.607 0.00000E+00
3011.219 0.00000E+00
3053.832 0.00000E+00
3096.444 0.00000E+00
3139.057 0.00000E+00
3181.670 0.00000E+00
3224.282 0.00000E+00
3266.895 0.00000E+00
3309.508 -0.00000E+00
3352.120 -0.00000E+00
3394.733 -0.00000E+00
3437.345 -0.00000E+00
3479.958 -0.00000E+00
3479.958 0.39996E+01
3517.468 0.40318E+01
3554.979 0.40351E+01
3592.490 0.40065E+01
3630.000 0.39436E+01
3630.000 0.39436E+01
3662.833 0.38511E+01
3695.667 0.37314E+01
3728.500 0.35849E+01
3761.333 0.34128E+01
3794.167 0.32173E+01
3827.000 0.30010E+01
3859.833 0.27675E+01
3892.667 0.25208E+01
3925.500 0.22655E+01
3958.333 0.20062E+01
3991.167 0.17480E+01
4024.000 0.14956E+01
4056.833 0.12537E+01
4089.667 0.10265E+01
4122.500 0.81784E+00
4155.333 0.63073E+00
4188.167 0.46751E+00
4221.000 0.32967E+00
4253.833 0.21782E+00
4286.667 0.13168E+00
4319.500 0.70111E-01
4352.333 0.31185E-01
4385.167 0.12274E-01
4418.000 0.10179E-01
4450.833 0.21276E-01
4483.667 0.41684E-01
4516.500 0.67432E-01
4549.333 0.94639E-01
4582.167 0.11967E+00
4615.000 0.13931E+00
4647.833 0.15085E+00
4680.667 0.15220E+00
4713.500 0.14199E+00
4746.333 0.11952E+00
4779.167 0.84807E-01
4812.000 0.38507E-01
4844.833 -0.18162E-01
4877.667 -0.83527E-01
4910.500 -0.15560E+00
4943.333 -0.23220E+00
4976.167 -0.31111E+00
5009.000 -0.39022E+00
5041.833 -0.46761E+00
5074.667 -0.54165E+00
5107.500 -0.61108E+00
5140.333 -0.67496E+00
5173.167 -0.73269E+00
5206.000 -0.78393E+00
5238.833 -0.82846E+00
5271.667 -0.86608E+00
5304.500 -0.89642E+00
5337.333 -0.91879E+00
5370.167 -0.93205E+00
5403.000 -0.93441E+00
5435.833 -0.92341E+00
5468.667 -0.89584E+00
5501.500 -0.84777E+00
5534.333 -0.77469E+00
5567.167 -0.67167E+00
5600.000 -0.53361E+00
5600.000 -0.53362E+00
5625.250 -0.33928E+00
5650.500 -0.11288E+00
5675.750 0.14972E+00
5701.000 0.45224E+00
5701.000 0.55409E+00
5724.333 0.89148E+00
5747.667 0.12573E+01
5771.000 0.16468E+01
5771.000 0.16469E+01
5796.000 0.21440E+01
5821.000 0.26924E+01
5846.000 0.32821E+01
5871.000 0.38993E+01
5896.000 0.45265E+01
5921.000 0.51428E+01
5946.000 0.57246E+01
5971.000 0.62462E+01
5971.000 0.71235E+01
5993.500 0.73528E+01
6016.000 0.74631E+01
6038.500 0.74499E+01
6061.000 0.73133E+01
6083.500 0.70577E+01
6106.000 0.66919E+01
6128.500 0.62289E+01
6151.000 0.56851E+01
6151.000 0.63651E+01
6174.333 0.56206E+01
6197.667 0.48175E+01
6221.000 0.39949E+01
6244.333 0.31912E+01
6267.667 0.24416E+01
6291.000 0.17767E+01
6291.000 0.17654E+01
6309.543 0.13234E+01
6328.086 0.95481E+00
6346.629 0.66485E+00
6346.629 0.52083E+00
6351.314 0.45867E+00
6356.000 0.40239E+00
6356.000 0.30673E+00
6362.000 0.24516E+00
6368.000 0.19739E+00
6368.000 0.00000E+00
6369.500 0.00000E+00
6371.000 0.00000E+00
