0.000 0.00000E+00
22.620 0.00000E+00
45.240 0.00000E+00
67.861 0.00000E+00
90.481 0.00000E+00
113.101 0.00000E+00
135.721 0.00000E+00
158.341 0.00000E+00
180.962 0.00000E+00
203.582 0.00000E+00
226.202 0.00000E+00
248.822 0.00000E+00
271.442 0.00000E+00
294.063 0.00000E+00
316.683 0.00000E+00
339.303 0.00000E+00
361.923 0.00000E+00
384.543 0.00000E+00
407.164 0.00000E+00
429.784 0.00000E+00
452.404 0.00000E+00
475.024 0.00000E+00
497.644 0.00000E+00
520.265 0.00000E+00
542.885 0.00000E+00
565.505 0.00000E+00
588.125 0.00000E+00
610.745 0.00000E+00
633.366 0.00000E+00
655.986 0.00000E+00
678.606 0.00000E+00
701.226 0.00000E+00
723.846 0.00000E+00
746.467 0.00000E+00
769.087 0.00000E+00
791.707 0.00000E+00
814.327 0.00000E+00
836.947 0.00000E+00
859.568 0.00000E+00
882.188 0.00000E+00
904.808 0.00000E+00
927.428 0.00000E+00
950.048 0.00000E+00
972.669 0.00000E+00
995.289 0.00000E+00
1017.909 0.00000E+00
1040.529 0.00000E+00
1063.149 0.00000E+00
1085.770 0.00000E+00
1108.390 0.00000E+00
1131.010 0.00000E+00
1153.630 0.00000E+00
1176.250 0.00000E+00
1198.871 0.00000E+00
1221.491 0.00000E+00
1221.491 0.00000E+00
1264.103 0.00000E+00
1306.716 0.00000E+00
1349.328 0.00000E+00
1391.941 0.00000E+00
1434.554 0.00000E+00
1477.166 0.00000E+00
1519.779 0.00000E+00
1562.391 0.00000E+00
1605.004 0.00000E+00
1647.617 0.00000E+00
1690.229 0.00000E+00
1732.842 0.00000E+00
1775.454 0.00000E+00
1818.067 0.00000E+00
1860.679 0.00000E+00
1903.292 0.00000E+00
1945.905 0.00000E+00
1988.517 0.00000E+00
2031.130 0.00000E+00
2073.742 0.00000E+00
2116.355 0.00000E+00
2158.968 0.00000E+00
2201.580 0.00000E+00
2244.193 0.00000E+00
2286.805 0.00000E+00
2329.418 0.00000E+00
2372.031 0.00000E+00
2414.643 0.00000E+00
2457.256 0.00000E+00
2499.868 0.00000E+00
2542.481 0.00000E+00
2585.094 0.00000E+00
2627.706 0.00000E+00
2670.319 0.00000E+00
2712.931 0.00000E+00
2755.544 0.00000E+00
2798.156 0.00000E+00
2840.769 0.00000E+00
2883.382 0.00000E+00
2925.994 0.00000E+00
2968.607 0.00000E+00
3011.219 0.00000E+00
3053.832 0.00000E+00
3096.444 0.00000E+00
3139.057 0.00000E+00
3181.670 0.00000E+00
3224.282 0.00000E+00
3266.895 0.00000E+00
3309.508 0.00000E+00
3352.120 0.00000E+00
3394.733 0.00000E+00
3437.345 0.00000E+00
3479.958 0.00000E+00
3479.958 0.10414E-01
3517.468 0.73317E-02
3554.979 0.83075E-02
3592.490 0.11201E-01
3630.000 0.14974E-01
3630.000 0.14974E-01
3662.833 0.18703E-01
3695.667 0.22740E-01
3728.500 0.27141E-01
3761.333 0.32032E-01
3794.167 0.37580E-01
3827.000 0.43984E-01
3859.833 0.51461E-01
3892.667 0.60248E-01
3925.500 0.70604E-01
3958.333 0.82813E-01
3991.167 0.97185E-01
4024.000 0.11406E+00
4056.833 0.13381E+00
4089.667 0.15687E+00
4122.500 0.18367E+00
4155.333 0.21473E+00
4188.167 0.25059E+00
4221.000 0.29187E+00
4253.833 0.33921E+00
4286.667 0.39331E+00
4319.500 0.45494E+00
4352.333 0.52491E+00
4385.167 0.60407E+00
4418.000 0.69332E+00
4450.833 0.79360E+00
4483.667 0.90587E+00
4516.500 0.10311E+01
4549.333 0.11703E+01
4582.167 0.13245E+01
4615.000 0.14945E+01
4647.833 0.16813E+01
4680.667 0.18857E+01
4713.500 0.21084E+01
4746.333 0.23499E+01
4779.167 0.26107E+01
4812.000 0.28909E+01
4844.833 0.31905E+01
4877.667 0.35089E+01
4910.500 0.38456E+01
4943.333 0.41992E+01
4976.167 0.45682E+01
5009.000 0.49505E+01
5041.833 0.53433E+01
5074.667 0.57435E+01
5107.500 0.61470E+01
5140.333 0.65493E+01
5173.167 0.69450E+01
5206.000 0.73282E+01
5238.833 0.76922E+01
5271.667 0.80297E+01
5304.500 0.83326E+01
5337.333 0.85925E+01
5370.167 0.88005E+01
5403.000 0.89474E+01
5435.833 0.90240E+01
5468.667 0.90212E+01
5501.500 0.89305E+01
5534.333 0.87440E+01
5567.167 0.84552E+01
5600.000 0.80591E+01
5600.000 0.80591E+01
5625.250 0.77610E+01
5650.500 0.74055E+01
5675.750 0.69927E+01
5701.000 0.65247E+01
5701.000 0.79287E+01
5724.333 0.74164E+01
5747.667 0.68592E+01
5771.000 0.62587E+01
5771.000 0.62588E+01
5796.000 0.57198E+01
5821.000 0.51437E+01
5846.000 0.45373E+01
5871.000 0.39091E+01
5896.000 0.32693E+01
5921.000 0.26293E+01
5946.000 0.20021E+01
5971.000 0.14018E+01
5971.000 0.18156E+01
5993.500 0.12186E+01
6016.000 0.66635E+00
6038.500 0.17230E+00
6061.000 -0.24930E+00
6083.500 -0.58349E+00
6106.000 -0.81497E+00
6128.500 -0.92829E+00
6151.000 -0.90821E+00
6151.000 -0.12187E+01
6174.333 -0.10391E+01
6197.667 -0.69881E+00
6221.000 -0.18622E+00
6244.333 0.50824E+00
6267.667 0.13922E+01
6291.000 0.24714E+01
6291.000 0.23646E+01
6309.543 0.33692E+01
6328.086 0.45053E+01
6346.629 0.57745E+01
6346.629 0.31562E+01
6351.314 0.34346E+01
6356.000 0.37192E+01
6356.000 0.25584E+01
6362.000 0.28478E+01
6368.000 0.31433E+01
6368.000 0.00000E+00
6369.500 0.00000E+00
6371.000 0.00000E+00
