0.000 0.00000E+00
22.620 0.00000E+00
45.240 0.00000E+00
67.861 0.00000E+00
90.481 0.00000E+00
113.101 0.00000E+00
135.721 0.00000E+00
158.341 0.00000E+00
180.962 0.00000E+00
203.582 0.00000E+00
226.202 0.00000E+00
248.822 0.00000E+00
271.442 0.00000E+00
294.063 0.00000E+00
316.683 0.00000E+00
339.303 0.00000E+00
361.923 0.00000E+00
384.543 0.00000E+00
407.164 0.00000E+00
429.784 0.00000E+00
452.404 0.00000E+00
475.024 0.00000E+00
497.644 0.00000E+00
520.265 0.00000E+00
542.885 0.00000E+00
565.505 0.00000E+00
588.125 0.00000E+00
610.745 0.00000E+00
633.366 0.00000E+00
655.986 0.00000E+00
678.606 0.00000E+00
701.226 0.00000E+00
723.846 0.00000E+00
746.467 0.00000E+00
769.087 0.00000E+00
791.707 0.00000E+00
814.327 0.00000E+00
836.947 0.00000E+00
859.568 0.00000E+00
882.188 0.00000E+00
904.808 0.00000E+00
927.428 0.00000E+00
950.048 0.00000E+00
972.669 0.00000E+00
995.289 0.00000E+00
1017.909 0.00000E+00
1040.529 0.00000E+00
1063.149 0.00000E+00
1085.770 0.00000E+00
1108.390 0.00000E+00
1131.010 0.00000E+00
1153.630 0.00000E+00
1176.250 0.00000E+00
1198.871 0.00000E+00
1221.491 0.00000E+00
1221.491 0.00000E+00
1264.103 0.00000E+00
1306.716 0.00000E+00
1349.328 0.00000E+00
1391.941 0.00000E+00
1434.554 0.00000E+00
1477.166 0.00000E+00
1519.779 0.00000E+00
1562.391 0.00000E+00
1605.004 0.00000E+00
1647.617 0.00000E+00
1690.229 0.00000E+00
1732.842 0.00000E+00
1775.454 0.00000E+00
1818.067 0.00000E+00
1860.679 0.00000E+00
1903.292 0.00000E+00
1945.905 0.00000E+00
1988.517 0.00000E+00
2031.130 0.00000E+00
2073.742 0.00000E+00
2116.355 0.00000E+00
2158.968 0.00000E+00
2201.580 0.00000E+00
2244.193 0.00000E+00
2286.805 0.00000E+00
2329.418 0.00000E+00
2372.031 0.00000E+00
2414.643 0.00000E+00
2457.256 0.00000E+00
2499.868 0.00000E+00
2542.481 0.00000E+00
2585.094 0.00000E+00
2627.706 0.00000E+00
2670.319 0.00000E+00
2712.931 0.00000E+00
2755.544 0.00000E+00
2798.156 0.00000E+00
2840.769 0.00000E+00
2883.382 0.00000E+00
2925.994 0.00000E+00
2968.607 0.00000E+00
3011.219 0.00000E+00
3053.832 0.00000E+00
3096.444 0.00000E+00
3139.057 0.00000E+00
3181.670 0.00000E+00
3224.282 0.00000E+00
3266.895 0.00000E+00
3309.508 0.00000E+00
3352.120 0.00000E+00
3394.733 0.00000E+00
3437.345 0.00000E+00
3479.958 0.00000E+00
3479.958 0.16313E+00
3517.468 0.30682E-01
3554.979 0.22983E+00
3592.490 0.51926E+00
3630.000 0.78807E+00
3630.000 0.78807E+00
3662.833 0.97554E+00
3695.667 0.11087E+01
3728.500 0.11914E+01
3761.333 0.12320E+01
3794.167 0.12399E+01
3827.000 0.12243E+01
3859.833 0.11930E+01
3892.667 0.11525E+01
3925.500 0.11080E+01
3958.333 0.10635E+01
3991.167 0.10219E+01
4024.000 0.98514E+00
4056.833 0.95479E+00
4089.667 0.93172E+00
4122.500 0.91646E+00
4155.333 0.90924E+00
4188.167 0.91006E+00
4221.000 0.91875E+00
4253.833 0.93503E+00
4286.667 0.95846E+00
4319.500 0.98853E+00
4352.333 0.10246E+01
4385.167 0.10661E+01
4418.000 0.11120E+01
4450.833 0.11616E+01
4483.667 0.12139E+01
4516.500 0.12676E+01
4549.333 0.13218E+01
4582.167 0.13749E+01
4615.000 0.14258E+01
4647.833 0.14728E+01
4680.667 0.15145E+01
4713.500 0.15492E+01
4746.333 0.15755E+01
4779.167 0.15917E+01
4812.000 0.15965E+01
4844.833 0.15884E+01
4877.667 0.15664E+01
4910.500 0.15297E+01
4943.333 0.14778E+01
4976.167 0.14107E+01
5009.000 0.13290E+01
5041.833 0.12337E+01
5074.667 0.11268E+01
5107.500 0.10112E+01
5140.333 0.89055E+00
5173.167 0.76957E+00
5206.000 0.65417E+00
5238.833 0.55140E+00
5271.667 0.46955E+00
5304.500 0.41813E+00
5337.333 0.40791E+00
5370.167 0.45086E+00
5403.000 0.56007E+00
5435.833 0.74962E+00
5468.667 0.10344E+01
5501.500 0.14300E+01
5534.333 0.19523E+01
5567.167 0.26172E+01
5600.000 0.34403E+01
5600.000 0.34403E+01
5625.250 0.41890E+01
5650.500 0.50403E+01
5675.750 0.59950E+01
5701.000 0.70521E+01
5701.000 0.65087E+01
5724.333 0.75058E+01
5747.667 0.85526E+01
5771.000 0.96407E+01
5771.000 0.96407E+01
5796.000 0.10740E+02
5821.000 0.11836E+02
5846.000 0.12905E+02
5871.000 0.13923E+02
5896.000 0.14863E+02
5921.000 0.15699E+02
5946.000 0.16404E+02
5971.000 0.16950E+02
5971.000 0.16347E+02
5993.500 0.16802E+02
6016.000 0.17097E+02
6038.500 0.17225E+02
6061.000 0.17178E+02
6083.500 0.16957E+02
6106.000 0.16564E+02
6128.500 0.16006E+02
6151.000 0.15293E+02
6151.000 0.14675E+02
6174.333 0.13729E+02
6197.667 0.12642E+02
6221.000 0.11447E+02
6244.333 0.10175E+02
6267.667 0.88629E+01
6291.000 0.75435E+01
6291.000 0.76130E+01
6309.543 0.65695E+01
6328.086 0.55600E+01
6346.629 0.45973E+01
6346.629 0.31166E+01
6351.314 0.29245E+01
6356.000 0.27352E+01
6356.000 0.19271E+01
6362.000 0.17370E+01
6368.000 0.15543E+01
6368.000 0.00000E+00
6369.500 0.00000E+00
6371.000 0.00000E+00
