0.000 0.00000E+00
22.620 0.00000E+00
45.240 0.00000E+00
67.861 0.00000E+00
90.481 0.00000E+00
113.101 0.00000E+00
135.721 0.00000E+00
158.341 0.00000E+00
180.962 0.00000E+00
203.582 0.00000E+00
226.202 0.00000E+00
248.822 0.00000E+00
271.442 0.00000E+00
294.063 0.00000E+00
316.683 0.00000E+00
339.303 0.00000E+00
361.923 0.00000E+00
384.543 0.00000E+00
407.164 0.00000E+00
429.784 0.00000E+00
452.404 0.00000E+00
475.024 0.00000E+00
497.644 0.00000E+00
520.265 0.00000E+00
542.885 0.00000E+00
565.505 0.00000E+00
588.125 0.00000E+00
610.745 0.00000E+00
633.366 0.00000E+00
655.986 0.00000E+00
678.606 0.00000E+00
701.226 0.00000E+00
723.846 0.00000E+00
746.467 0.00000E+00
769.087 0.00000E+00
791.707 0.00000E+00
814.327 0.00000E+00
836.947 0.00000E+00
859.568 0.00000E+00
882.188 0.00000E+00
904.808 0.00000E+00
927.428 0.00000E+00
950.048 0.00000E+00
972.669 0.00000E+00
995.289 0.00000E+00
1017.909 0.00000E+00
1040.529 0.00000E+00
1063.149 0.00000E+00
1085.770 0.00000E+00
1108.390 0.00000E+00
1131.010 0.00000E+00
1153.630 0.00000E+00
1176.250 0.00000E+00
1198.871 0.00000E+00
1221.491 0.00000E+00
1221.491 0.00000E+00
1264.103 0.00000E+00
1306.716 0.00000E+00
1349.328 0.00000E+00
1391.941 0.00000E+00
1434.554 0.00000E+00
1477.166 0.00000E+00
1519.779 0.00000E+00
1562.391 0.00000E+00
1605.004 0.00000E+00
1647.617 0.00000E+00
1690.229 0.00000E+00
1732.842 0.00000E+00
1775.454 0.00000E+00
1818.067 0.00000E+00
1860.679 0.00000E+00
1903.292 0.00000E+00
1945.905 0.00000E+00
1988.517 0.00000E+00
2031.130 0.00000E+00
2073.742 0.00000E+00
2116.355 0.00000E+00
2158.968 0.00000E+00
2201.580 0.00000E+00
2244.193 0.00000E+00
2286.805 0.00000E+00
2329.418 0.00000E+00
2372.031 0.00000E+00
2414.643 0.00000E+00
2457.256 0.00000E+00
2499.868 0.00000E+00
2542.481 0.00000E+00
2585.094 0.00000E+00
2627.706 0.00000E+00
2670.319 0.00000E+00
2712.931 0.00000E+00
2755.544 0.00000E+00
2798.156 -0.00000E+00
2840.769 -0.00000E+00
2883.382 -0.00000E+00
2925.994 -0.00000E+00
2968.607 -0.00000E+00
3011.219 -0.00000E+00
3053.832 -0.00000E+00
3096.444 -0.00000E+00
3139.057 -0.00000E+00
3181.670 -0.00000E+00
3224.282 -0.00000E+00
3266.895 -0.00000E+00
3309.508 -0.00000E+00
3352.120 0.00000E+00
3394.733 0.00000E+00
3437.345 0.00000E+00
3479.958 0.00000E+00
3479.958 -0.22721E+00
3517.468 0.98915E-01
3554.979 0.67492E+00
3592.490 0.14720E+01
3630.000 0.24222E+01
3630.000 0.24222E+01
3662.833 0.32923E+01
3695.667 0.41225E+01
3728.500 0.48342E+01
3761.333 0.53585E+01
3794.167 0.56447E+01
3827.000 0.56676E+01
3859.833 0.54310E+01
3892.667 0.49671E+01
3925.500 0.43330E+01
3958.333 0.36030E+01
3991.167 0.28589E+01
4024.000 0.21792E+01
4056.833 0.16288E+01
4089.667 0.12511E+01
4122.500 0.10631E+01
4155.333 0.10543E+01
4188.167 0.11898E+01
4221.000 0.14172E+01
4253.833 0.16754E+01
4286.667 0.19048E+01
4319.500 0.20565E+01
4352.333 0.20997E+01
4385.167 0.20255E+01
4418.000 0.18472E+01
4450.833 0.15965E+01
4483.667 0.13174E+01
4516.500 0.10578E+01
4549.333 0.86129E+00
4582.167 0.76000E+00
4615.000 0.77008E+00
4647.833 0.89026E+00
4680.667 0.11037E+01
4713.500 0.13823E+01
4746.333 0.16929E+01
4779.167 0.20033E+01
4812.000 0.22876E+01
4844.833 0.25292E+01
4877.667 0.27214E+01
4910.500 0.28654E+01
4943.333 0.29671E+01
4976.167 0.30325E+01
5009.000 0.30649E+01
5041.833 0.30623E+01
5074.667 0.30187E+01
5107.500 0.29267E+01
5140.333 0.27813E+01
5173.167 0.25851E+01
5206.000 0.23514E+01
5238.833 0.21049E+01
5271.667 0.18797E+01
5304.500 0.17133E+01
5337.333 0.16395E+01
5370.167 0.16791E+01
5403.000 0.18341E+01
5435.833 0.20836E+01
5468.667 0.23857E+01
5501.500 0.26842E+01
5534.333 0.29194E+01
5567.167 0.30408E+01
5600.000 0.30190E+01
5600.000 0.30190E+01
5625.250 0.29380E+01
5650.500 0.27599E+01
5675.750 0.25046E+01
5701.000 0.22065E+01
5701.000 0.22802E+01
5724.333 0.19427E+01
5747.667 0.16742E+01
5771.000 0.15075E+01
5771.000 0.15075E+01
5796.000 0.14515E+01
5821.000 0.15424E+01
5846.000 0.17568E+01
5871.000 0.20405E+01
5896.000 0.23172E+01
5921.000 0.25058E+01
5946.000 0.25425E+01
5971.000 0.24015E+01
5971.000 0.26605E+01
5993.500 0.23104E+01
6016.000 0.19126E+01
6038.500 0.15731E+01
6061.000 0.13929E+01
6083.500 0.14444E+01
6106.000 0.17515E+01
6128.500 0.22796E+01
6151.000 0.29378E+01
6151.000 0.32291E+01
6174.333 0.39634E+01
6197.667 0.44683E+01
6221.000 0.45849E+01
6244.333 0.42421E+01
6267.667 0.34848E+01
6291.000 0.24725E+01
6291.000 0.23788E+01
6309.543 0.15889E+01
6328.086 0.92457E+00
6346.629 0.50289E+00
6346.629 0.42107E+00
6351.314 0.33799E+00
6356.000 0.28125E+00
6356.000 0.26575E+00
6362.000 0.18889E+00
6368.000 0.17974E+00
6368.000 0.00000E+00
6369.500 0.00000E+00
6371.000 0.00000E+00
