0.000 0.00000E+00
22.620 0.00000E+00
45.240 0.00000E+00
67.861 0.00000E+00
90.481 0.00000E+00
113.101 0.00000E+00
135.721 0.00000E+00
158.341 0.00000E+00
180.962 0.00000E+00
203.582 0.00000E+00
226.202 0.00000E+00
248.822 0.00000E+00
271.442 0.00000E+00
294.063 0.00000E+00
316.683 0.00000E+00
339.303 0.00000E+00
361.923 0.00000E+00
384.543 0.00000E+00
407.164 0.00000E+00
429.784 0.00000E+00
452.404 0.00000E+00
475.024 0.00000E+00
497.644 0.00000E+00
520.265 0.00000E+00
542.885 0.00000E+00
565.505 0.00000E+00
588.125 0.00000E+00
610.745 0.00000E+00
633.366 0.00000E+00
655.986 0.00000E+00
678.606 0.00000E+00
701.226 0.00000E+00
723.846 0.00000E+00
746.467 0.00000E+00
769.087 0.00000E+00
791.707 0.00000E+00
814.327 0.00000E+00
836.947 0.00000E+00
859.568 0.00000E+00
882.188 0.00000E+00
904.808 0.00000E+00
927.428 0.00000E+00
950.048 0.00000E+00
972.669 0.00000E+00
995.289 0.00000E+00
1017.909 0.00000E+00
1040.529 0.00000E+00
1063.149 0.00000E+00
1085.770 0.00000E+00
1108.390 0.00000E+00
1131.010 0.00000E+00
1153.630 0.00000E+00
1176.250 0.00000E+00
1198.871 0.00000E+00
1221.491 0.00000E+00
1221.491 0.00000E+00
1264.103 0.00000E+00
1306.716 0.00000E+00
1349.328 0.00000E+00
1391.941 0.00000E+00
1434.554 0.00000E+00
1477.166 0.00000E+00
1519.779 0.00000E+00
1562.391 0.00000E+00
1605.004 0.00000E+00
1647.617 0.00000E+00
1690.229 0.00000E+00
1732.842 0.00000E+00
1775.454 0.00000E+00
1818.067 0.00000E+00
1860.679 0.00000E+00
1903.292 0.00000E+00
1945.905 0.00000E+00
1988.517 0.00000E+00
2031.130 0.00000E+00
2073.742 0.00000E+00
2116.355 0.00000E+00
2158.968 0.00000E+00
2201.580 0.00000E+00
2244.193 0.00000E+00
2286.805 0.00000E+00
2329.418 0.00000E+00
2372.031 0.00000E+00
2414.643 0.00000E+00
2457.256 0.00000E+00
2499.868 0.00000E+00
2542.481 0.00000E+00
2585.094 0.00000E+00
2627.706 0.00000E+00
2670.319 0.00000E+00
2712.931 0.00000E+00
2755.544 0.00000E+00
2798.156 0.00000E+00
2840.769 0.00000E+00
2883.382 0.00000E+00
2925.994 0.00000E+00
2968.607 0.00000E+00
3011.219 0.00000E+00
3053.832 0.00000E+00
3096.444 0.00000E+00
3139.057 0.00000E+00
3181.670 0.00000E+00
3224.282 0.00000E+00
3266.895 0.00000E+00
3309.508 0.00000E+00
3352.120 0.00000E+00
3394.733 0.00000E+00
3437.345 0.00000E+00
3479.958 0.00000E+00
3479.958 0.68083E-03
3517.468 0.49433E-03
3554.979 0.63657E-03
3592.490 0.92422E-03
3630.000 0.12868E-02
3630.000 0.12868E-02
3662.833 0.16591E-02
3695.667 0.20921E-02
3728.500 0.26079E-02
3761.333 0.32363E-02
3794.167 0.40131E-02
3827.000 0.49809E-02
3859.833 0.61896E-02
3892.667 0.76983E-02
3925.500 0.95766E-02
3958.333 0.11908E-01
3991.167 0.14790E-01
4024.000 0.18340E-01
4056.833 0.22698E-01
4089.667 0.28025E-01
4122.500 0.34514E-01
4155.333 0.42391E-01
4188.167 0.51919E-01
4221.000 0.63403E-01
4253.833 0.77196E-01
4286.667 0.93706E-01
4319.500 0.11340E+00
4352.333 0.13681E+00
4385.167 0.16453E+00
4418.000 0.19726E+00
4450.833 0.23574E+00
4483.667 0.28085E+00
4516.500 0.33351E+00
4549.333 0.39478E+00
4582.167 0.46579E+00
4615.000 0.54778E+00
4647.833 0.64207E+00
4680.667 0.75009E+00
4713.500 0.87332E+00
4746.333 0.10133E+01
4779.167 0.11717E+01
4812.000 0.13501E+01
4844.833 0.15502E+01
4877.667 0.17733E+01
4910.500 0.20211E+01
4943.333 0.22948E+01
4976.167 0.25955E+01
5009.000 0.29239E+01
5041.833 0.32803E+01
5074.667 0.36648E+01
5107.500 0.40764E+01
5140.333 0.45139E+01
5173.167 0.49750E+01
5206.000 0.54565E+01
5238.833 0.59541E+01
5271.667 0.64623E+01
5304.500 0.69745E+01
5337.333 0.74824E+01
5370.167 0.79765E+01
5403.000 0.84457E+01
5435.833 0.88775E+01
5468.667 0.92580E+01
5501.500 0.95721E+01
5534.333 0.98037E+01
5567.167 0.99360E+01
5600.000 0.99524E+01
5600.000 0.99523E+01
5625.250 0.99587E+01
5650.500 0.98904E+01
5675.750 0.97404E+01
5701.000 0.95033E+01
5701.000 0.11132E+02
5724.333 0.10840E+02
5747.667 0.10469E+02
5771.000 0.10015E+02
5771.000 0.10015E+02
5796.000 0.96178E+01
5821.000 0.91312E+01
5846.000 0.85568E+01
5871.000 0.78990E+01
5896.000 0.71655E+01
5921.000 0.63670E+01
5946.000 0.55177E+01
5971.000 0.46354E+01
5971.000 0.52700E+01
5993.500 0.43559E+01
6016.000 0.34424E+01
6038.500 0.25502E+01
6061.000 0.17033E+01
6083.500 0.92831E+00
6106.000 0.25444E+00
6128.500 -0.28725E+00
6151.000 -0.66428E+00
6151.000 -0.76861E+00
6174.333 -0.96540E+00
6197.667 -0.93111E+00
6221.000 -0.63308E+00
6244.333 -0.40803E-01
6267.667 0.87374E+00
6291.000 0.21358E+01
6291.000 0.20146E+01
6309.543 0.32879E+01
6328.086 0.48131E+01
6346.629 0.66016E+01
6346.629 0.35402E+01
6351.314 0.39319E+01
6356.000 0.43359E+01
6356.000 0.29531E+01
6362.000 0.33644E+01
6368.000 0.37874E+01
6368.000 0.00000E+00
6369.500 0.00000E+00
6371.000 0.00000E+00
