0.000 0.00000E+00
22.620 0.00000E+00
45.240 0.00000E+00
67.861 0.00000E+00
90.481 0.00000E+00
113.101 0.00000E+00
135.721 0.00000E+00
158.341 0.00000E+00
180.962 0.00000E+00
203.582 0.00000E+00
226.202 0.00000E+00
248.822 0.00000E+00
271.442 0.00000E+00
294.063 0.00000E+00
316.683 0.00000E+00
339.303 0.00000E+00
361.923 0.00000E+00
384.543 0.00000E+00
407.164 0.00000E+00
429.784 0.00000E+00
452.404 0.00000E+00
475.024 0.00000E+00
497.644 0.00000E+00
520.265 0.00000E+00
542.885 0.00000E+00
565.505 0.00000E+00
588.125 0.00000E+00
610.745 0.00000E+00
633.366 0.00000E+00
655.986 0.00000E+00
678.606 0.00000E+00
701.226 0.00000E+00
723.846 0.00000E+00
746.467 0.00000E+00
769.087 0.00000E+00
791.707 0.00000E+00
814.327 0.00000E+00
836.947 0.00000E+00
859.568 0.00000E+00
882.188 0.00000E+00
904.808 0.00000E+00
927.428 0.00000E+00
950.048 0.00000E+00
972.669 0.00000E+00
995.289 0.00000E+00
1017.909 0.00000E+00
1040.529 0.00000E+00
1063.149 0.00000E+00
1085.770 0.00000E+00
1108.390 0.00000E+00
1131.010 0.00000E+00
1153.630 0.00000E+00
1176.250 0.00000E+00
1198.871 0.00000E+00
1221.491 0.00000E+00
1221.491 0.00000E+00
1264.103 0.00000E+00
1306.716 0.00000E+00
1349.328 0.00000E+00
1391.941 0.00000E+00
1434.554 0.00000E+00
1477.166 0.00000E+00
1519.779 0.00000E+00
1562.391 0.00000E+00
1605.004 0.00000E+00
1647.617 0.00000E+00
1690.229 0.00000E+00
1732.842 0.00000E+00
1775.454 0.00000E+00
1818.067 0.00000E+00
1860.679 0.00000E+00
1903.292 0.00000E+00
1945.905 0.00000E+00
1988.517 0.00000E+00
2031.130 0.00000E+00
2073.742 0.00000E+00
2116.355 0.00000E+00
2158.968 0.00000E+00
2201.580 0.00000E+00
2244.193 0.00000E+00
2286.805 0.00000E+00
2329.418 0.00000E+00
2372.031 0.00000E+00
2414.643 0.00000E+00
2457.256 0.00000E+00
2499.868 0.00000E+00
2542.481 0.00000E+00
2585.094 0.00000E+00
2627.706 0.00000E+00
2670.319 0.00000E+00
2712.931 0.00000E+00
2755.544 0.00000E+00
2798.156 0.00000E+00
2840.769 0.00000E+00
2883.382 0.00000E+00
2925.994 0.00000E+00
2968.607 0.00000E+00
3011.219 0.00000E+00
3053.832 0.00000E+00
3096.444 0.00000E+00
3139.057 0.00000E+00
3181.670 0.00000E+00
3224.282 0.00000E+00
3266.895 0.00000E+00
3309.508 0.00000E+00
3352.120 0.00000E+00
3394.733 0.00000E+00
3437.345 0.00000E+00
3479.958 -0.00000E+00
3479.958 0.18376E+01
3517.468 0.19148E+01
3554.979 0.19785E+01
3592.490 0.20261E+01
3630.000 0.20551E+01
3630.000 0.20551E+01
3662.833 0.20598E+01
3695.667 0.20477E+01
3728.500 0.20179E+01
3761.333 0.19704E+01
3794.167 0.19053E+01
3827.000 0.18237E+01
3859.833 0.17272E+01
3892.667 0.16178E+01
3925.500 0.14980E+01
3958.333 0.13708E+01
3991.167 0.12392E+01
4024.000 0.11066E+01
4056.833 0.97627E+00
4089.667 0.85140E+00
4122.500 0.73487E+00
4155.333 0.62920E+00
4188.167 0.53640E+00
4221.000 0.45790E+00
4253.833 0.39451E+00
4286.667 0.34637E+00
4319.500 0.31297E+00
4352.333 0.29324E+00
4385.167 0.28554E+00
4418.000 0.28785E+00
4450.833 0.29787E+00
4483.667 0.31315E+00
4516.500 0.33127E+00
4549.333 0.34998E+00
4582.167 0.36734E+00
4615.000 0.38184E+00
4647.833 0.39249E+00
4680.667 0.39885E+00
4713.500 0.40105E+00
4746.333 0.39974E+00
4779.167 0.39604E+00
4812.000 0.39135E+00
4844.833 0.38726E+00
4877.667 0.38533E+00
4910.500 0.38692E+00
4943.333 0.39300E+00
4976.167 0.40395E+00
5009.000 0.41949E+00
5041.833 0.43856E+00
5074.667 0.45930E+00
5107.500 0.47910E+00
5140.333 0.49471E+00
5173.167 0.50246E+00
5206.000 0.49846E+00
5238.833 0.47894E+00
5271.667 0.44058E+00
5304.500 0.38088E+00
5337.333 0.29844E+00
5370.167 0.19333E+00
5403.000 0.67274E-01
5435.833 -0.76191E-01
5468.667 -0.23169E+00
5501.500 -0.39209E+00
5534.333 -0.54878E+00
5567.167 -0.69197E+00
5600.000 -0.81123E+00
5600.000 -0.81125E+00
5625.250 -0.80702E+00
5650.500 -0.77018E+00
5675.750 -0.69457E+00
5701.000 -0.57477E+00
5701.000 -0.55623E+00
5724.333 -0.36822E+00
5747.667 -0.14474E+00
5771.000 0.11028E+00
5771.000 0.11032E+00
5796.000 0.45634E+00
5821.000 0.86264E+00
5846.000 0.13183E+01
5871.000 0.18084E+01
5896.000 0.23146E+01
5921.000 0.28156E+01
5946.000 0.32882E+01
5971.000 0.37084E+01
5971.000 0.43450E+01
5993.500 0.45394E+01
6016.000 0.46364E+01
6038.500 0.46340E+01
6061.000 0.45347E+01
6083.500 0.43449E+01
6106.000 0.40745E+01
6128.500 0.37369E+01
6151.000 0.33475E+01
6151.000 0.37292E+01
6174.333 0.32216E+01
6197.667 0.26842E+01
6221.000 0.21478E+01
6244.333 0.16399E+01
6267.667 0.11832E+01
6291.000 0.79433E+00
6291.000 0.79582E+00
6309.543 0.54450E+00
6328.086 0.34375E+00
6346.629 0.19383E+00
6346.629 0.16651E+00
6351.314 0.13713E+00
6356.000 0.11088E+00
6356.000 0.85899E-01
6362.000 0.59877E-01
6368.000 0.39430E-01
6368.000 0.00000E+00
6369.500 0.00000E+00
6371.000 0.00000E+00
