0.000 0.00000E+00
22.620 0.00000E+00
45.240 0.00000E+00
67.861 0.00000E+00
90.481 0.00000E+00
113.101 0.00000E+00
135.721 0.00000E+00
158.341 0.00000E+00
180.962 0.00000E+00
203.582 0.00000E+00
226.202 0.00000E+00
248.822 0.00000E+00
271.442 0.00000E+00
294.063 0.00000E+00
316.683 0.00000E+00
339.303 0.00000E+00
361.923 0.00000E+00
384.543 0.00000E+00
407.164 0.00000E+00
429.784 0.00000E+00
452.404 0.00000E+00
475.024 0.00000E+00
497.644 0.00000E+00
520.265 0.00000E+00
542.885 0.00000E+00
565.505 0.00000E+00
588.125 0.00000E+00
610.745 0.00000E+00
633.366 0.00000E+00
655.986 0.00000E+00
678.606 0.00000E+00
701.226 0.00000E+00
723.846 0.00000E+00
746.467 0.00000E+00
769.087 0.00000E+00
791.707 0.00000E+00
814.327 0.00000E+00
836.947 0.00000E+00
859.568 0.00000E+00
882.188 0.00000E+00
904.808 0.00000E+00
927.428 0.00000E+00
950.048 0.00000E+00
972.669 0.00000E+00
995.289 0.00000E+00
1017.909 0.00000E+00
1040.529 0.00000E+00
1063.149 0.00000E+00
1085.770 0.00000E+00
1108.390 0.00000E+00
1131.010 0.00000E+00
1153.630 0.00000E+00
1176.250 0.00000E+00
1198.871 0.00000E+00
1221.491 0.00000E+00
1221.491 0.00000E+00
1264.103 0.00000E+00
1306.716 0.00000E+00
1349.328 0.00000E+00
1391.941 0.00000E+00
1434.554 0.00000E+00
1477.166 0.00000E+00
1519.779 0.00000E+00
1562.391 0.00000E+00
1605.004 0.00000E+00
1647.617 0.00000E+00
1690.229 0.00000E+00
1732.842 0.00000E+00
1775.454 0.00000E+00
1818.067 0.00000E+00
1860.679 0.00000E+00
1903.292 0.00000E+00
1945.905 0.00000E+00
1988.517 0.00000E+00
2031.130 0.00000E+00
2073.742 0.00000E+00
2116.355 0.00000E+00
2158.968 0.00000E+00
2201.580 0.00000E+00
2244.193 0.00000E+00
2286.805 0.00000E+00
2329.418 0.00000E+00
2372.031 0.00000E+00
2414.643 0.00000E+00
2457.256 0.00000E+00
2499.868 0.00000E+00
2542.481 0.00000E+00
2585.094 0.00000E+00
2627.706 0.00000E+00
2670.319 0.00000E+00
2712.931 0.00000E+00
2755.544 -0.00000E+00
2798.156 -0.00000E+00
2840.769 -0.00000E+00
2883.382 -0.00000E+00
2925.994 -0.00000E+00
2968.607 -0.00000E+00
3011.219 -0.00000E+00
3053.832 -0.00000E+00
3096.444 -0.00000E+00
3139.057 -0.00000E+00
3181.670 -0.00000E+00
3224.282 -0.00000E+00
3266.895 0.00000E+00
3309.508 0.00000E+00
3352.120 0.00000E+00
3394.733 0.00000E+00
3437.345 0.00000E+00
3479.958 0.00000E+00
3479.958 0.93629E+00
3517.468 0.58587E+00
3554.979 0.29028E+00
3592.490 0.55747E-01
3630.000 -0.11880E+00
3630.000 -0.11880E+00
3662.833 -0.23077E+00
3695.667 -0.30852E+00
3728.500 -0.35944E+00
3761.333 -0.38972E+00
3794.167 -0.40356E+00
3827.000 -0.40270E+00
3859.833 -0.38684E+00
3892.667 -0.35444E+00
3925.500 -0.30403E+00
3958.333 -0.23561E+00
3991.167 -0.15181E+00
4024.000 -0.58530E-01
4056.833 0.35068E-01
4089.667 0.11748E+00
4122.500 0.17642E+00
4155.333 0.20089E+00
4188.167 0.18331E+00
4221.000 0.12142E+00
4253.833 0.19284E-01
4286.667 -0.11250E+00
4319.500 -0.25791E+00
4352.333 -0.39750E+00
4385.167 -0.51124E+00
4418.000 -0.58154E+00
4450.833 -0.59608E+00
4483.667 -0.54983E+00
4516.500 -0.44591E+00
4549.333 -0.29511E+00
4582.167 -0.11410E+00
4615.000 0.77308E-01
4647.833 0.25945E+00
4680.667 0.41593E+00
4713.500 0.53619E+00
4746.333 0.61687E+00
4779.167 0.66198E+00
4812.000 0.68156E+00
4844.833 0.68949E+00
4877.667 0.70048E+00
4910.500 0.72705E+00
4943.333 0.77686E+00
4976.167 0.85094E+00
5009.000 0.94283E+00
5041.833 0.10391E+01
5074.667 0.11206E+01
5107.500 0.11650E+01
5140.333 0.11497E+01
5173.167 0.10549E+01
5206.000 0.86695E+00
5238.833 0.58151E+00
5271.667 0.20587E+00
5304.500 -0.23944E+00
5337.333 -0.72036E+00
5370.167 -0.11908E+01
5403.000 -0.15960E+01
5435.833 -0.18784E+01
5468.667 -0.19846E+01
5501.500 -0.18739E+01
5534.333 -0.15269E+01
5567.167 -0.95159E+00
5600.000 -0.18735E+00
5600.000 -0.18735E+00
5625.250 0.54074E+00
5650.500 0.13099E+01
5675.750 0.20677E+01
5701.000 0.27557E+01
5701.000 0.36448E+01
5724.333 0.41176E+01
5747.667 0.43413E+01
5771.000 0.42984E+01
5771.000 0.42985E+01
5796.000 0.40714E+01
5821.000 0.35612E+01
5846.000 0.28260E+01
5871.000 0.19577E+01
5896.000 0.10697E+01
5921.000 0.27844E+00
5946.000 -0.31680E+00
5971.000 -0.65309E+00
5971.000 -0.66222E+00
5993.500 -0.71984E+00
6016.000 -0.59358E+00
6038.500 -0.34618E+00
6061.000 -0.49634E-01
6083.500 0.22904E+00
6106.000 0.43935E+00
6128.500 0.55397E+00
6151.000 0.56950E+00
6151.000 0.64558E+00
6174.333 0.56019E+00
6197.667 0.39851E+00
6221.000 0.21278E+00
6244.333 0.44877E-01
6267.667 -0.80199E-01
6291.000 -0.15214E+00
6291.000 -0.15640E+00
6309.543 -0.17379E+00
6328.086 -0.15145E+00
6346.629 -0.84033E-01
6346.629 -0.10760E+00
6351.314 -0.86455E-01
6356.000 -0.61167E-01
6356.000 -0.55126E-01
6362.000 -0.27005E-01
6368.000 0.93423E-02
6368.000 0.00000E+00
6369.500 0.00000E+00
6371.000 0.00000E+00
