0.000 0.00000E+00
22.620 0.00000E+00
45.240 0.00000E+00
67.861 0.00000E+00
90.481 0.00000E+00
113.101 0.00000E+00
135.721 0.00000E+00
158.341 0.00000E+00
180.962 0.00000E+00
203.582 0.00000E+00
226.202 0.00000E+00
248.822 0.00000E+00
271.442 0.00000E+00
294.063 0.00000E+00
316.683 0.00000E+00
339.303 0.00000E+00
361.923 0.00000E+00
384.543 0.00000E+00
407.164 0.00000E+00
429.784 0.00000E+00
452.404 0.00000E+00
475.024 0.00000E+00
497.644 0.00000E+00
520.265 0.00000E+00
542.885 0.00000E+00
565.505 0.00000E+00
588.125 0.00000E+00
610.745 0.00000E+00
633.366 0.00000E+00
655.986 0.00000E+00
678.606 0.00000E+00
701.226 0.00000E+00
723.846 0.00000E+00
746.467 0.00000E+00
769.087 0.00000E+00
791.707 0.00000E+00
814.327 0.00000E+00
836.947 0.00000E+00
859.568 0.00000E+00
882.188 0.00000E+00
904.808 0.00000E+00
927.428 0.00000E+00
950.048 0.00000E+00
972.669 0.00000E+00
995.289 0.00000E+00
1017.909 0.00000E+00
1040.529 0.00000E+00
1063.149 0.00000E+00
1085.770 0.00000E+00
1108.390 0.00000E+00
1131.010 0.00000E+00
1153.630 0.00000E+00
1176.250 0.00000E+00
1198.871 0.00000E+00
1221.491 0.00000E+00
1221.491 0.00000E+00
1264.103 0.00000E+00
1306.716 0.00000E+00
1349.328 0.00000E+00
1391.941 0.00000E+00
1434.554 0.00000E+00
1477.166 0.00000E+00
1519.779 0.00000E+00
1562.391 0.00000E+00
1605.004 0.00000E+00
1647.617 0.00000E+00
1690.229 0.00000E+00
1732.842 0.00000E+00
1775.454 0.00000E+00
1818.067 0.00000E+00
1860.679 0.00000E+00
1903.292 0.00000E+00
1945.905 0.00000E+00
1988.517 0.00000E+00
2031.130 0.00000E+00
2073.742 0.00000E+00
2116.355 0.00000E+00
2158.968 0.00000E+00
2201.580 0.00000E+00
2244.193 0.00000E+00
2286.805 0.00000E+00
2329.418 0.00000E+00
2372.031 0.00000E+00
2414.643 0.00000E+00
2457.256 0.00000E+00
2499.868 0.00000E+00
2542.481 0.00000E+00
2585.094 0.00000E+00
2627.706 0.00000E+00
2670.319 0.00000E+00
2712.931 0.00000E+00
2755.544 0.00000E+00
2798.156 0.00000E+00
2840.769 0.00000E+00
2883.382 0.00000E+00
2925.994 0.00000E+00
2968.607 0.00000E+00
3011.219 0.00000E+00
3053.832 0.00000E+00
3096.444 0.00000E+00
3139.057 0.00000E+00
3181.670 0.00000E+00
3224.282 0.00000E+00
3266.895 0.00000E+00
3309.508 0.00000E+00
3352.120 0.00000E+00
3394.733 0.00000E+00
3437.345 0.00000E+00
3479.958 -0.00000E+00
3479.958 0.17092E+01
3517.468 0.18173E+01
3554.979 0.17899E+01
3592.490 0.16290E+01
3630.000 0.13558E+01
3630.000 0.13558E+01
3662.833 0.10542E+01
3695.667 0.73440E+00
3728.500 0.43939E+00
3761.333 0.21389E+00
3794.167 0.98073E-01
3827.000 0.12101E+00
3859.833 0.29478E+00
3892.667 0.61056E+00
3925.500 0.10376E+01
3958.333 0.15259E+01
3991.167 0.20118E+01
4024.000 0.24273E+01
4056.833 0.27107E+01
4089.667 0.28167E+01
4122.500 0.27254E+01
4155.333 0.24465E+01
4188.167 0.20190E+01
4221.000 0.15058E+01
4253.833 0.98271E+00
4286.667 0.52502E+00
4319.500 0.19378E+00
4352.333 0.24047E-01
4385.167 0.18412E-01
4418.000 0.14716E+00
4450.833 0.35556E+00
4483.667 0.57712E+00
4516.500 0.75007E+00
4549.333 0.83350E+00
4582.167 0.81925E+00
4615.000 0.73637E+00
4647.833 0.64640E+00
4680.667 0.62984E+00
4713.500 0.76639E+00
4746.333 0.11131E+01
4779.167 0.16857E+01
4812.000 0.24482E+01
4844.833 0.33132E+01
4877.667 0.41548E+01
4910.500 0.48313E+01
4943.333 0.52130E+01
4976.167 0.52094E+01
5009.000 0.47888E+01
5041.833 0.39857E+01
5074.667 0.28940E+01
5107.500 0.16473E+01
5140.333 0.39152E+00
5173.167 -0.74469E+00
5206.000 -0.16731E+01
5238.833 -0.23583E+01
5271.667 -0.28153E+01
5304.500 -0.30959E+01
5337.333 -0.32654E+01
5370.167 -0.33792E+01
5403.000 -0.34644E+01
5435.833 -0.35117E+01
5468.667 -0.34797E+01
5501.500 -0.33088E+01
5534.333 -0.29404E+01
5567.167 -0.23347E+01
5600.000 -0.14830E+01
5600.000 -0.14830E+01
5625.250 -0.61493E+00
5650.500 0.36029E+00
5675.750 0.14161E+01
5701.000 0.25230E+01
5701.000 0.27867E+01
5724.333 0.38764E+01
5747.667 0.49048E+01
5771.000 0.58035E+01
5771.000 0.58035E+01
5796.000 0.67048E+01
5821.000 0.73315E+01
5846.000 0.75642E+01
5871.000 0.73082E+01
5896.000 0.65245E+01
5921.000 0.52577E+01
5946.000 0.36487E+01
5971.000 0.19240E+01
5971.000 0.20401E+01
5993.500 0.53909E+00
6016.000 -0.58602E+00
6038.500 -0.12238E+01
6061.000 -0.13566E+01
6083.500 -0.10587E+01
6106.000 -0.47346E+00
6128.500 0.22203E+00
6151.000 0.85785E+00
6151.000 0.10451E+01
6174.333 0.16130E+01
6197.667 0.17779E+01
6221.000 0.15855E+01
6244.333 0.11642E+01
6267.667 0.66920E+00
6291.000 0.23503E+00
6291.000 0.23767E+00
6309.543 -0.50177E-02
6328.086 -0.12602E+00
6346.629 -0.11125E+00
6346.629 -0.13629E+00
6351.314 -0.11673E+00
6356.000 -0.87608E-01
6356.000 -0.80939E-01
6362.000 -0.42348E-01
6368.000 0.11404E-01
6368.000 0.00000E+00
6369.500 0.00000E+00
6371.000 0.00000E+00
