0.000 0.00000E+00
22.620 0.00000E+00
45.240 0.00000E+00
67.861 0.00000E+00
90.481 0.00000E+00
113.101 0.00000E+00
135.721 0.00000E+00
158.341 0.00000E+00
180.962 0.00000E+00
203.582 0.00000E+00
226.202 0.00000E+00
248.822 0.00000E+00
271.442 0.00000E+00
294.063 0.00000E+00
316.683 0.00000E+00
339.303 0.00000E+00
361.923 0.00000E+00
384.543 0.00000E+00
407.164 0.00000E+00
429.784 0.00000E+00
452.404 0.00000E+00
475.024 0.00000E+00
497.644 0.00000E+00
520.265 0.00000E+00
542.885 0.00000E+00
565.505 0.00000E+00
588.125 0.00000E+00
610.745 0.00000E+00
633.366 0.00000E+00
655.986 0.00000E+00
678.606 0.00000E+00
701.226 0.00000E+00
723.846 0.00000E+00
746.467 0.00000E+00
769.087 0.00000E+00
791.707 0.00000E+00
814.327 0.00000E+00
836.947 0.00000E+00
859.568 0.00000E+00
882.188 0.00000E+00
904.808 0.00000E+00
927.428 0.00000E+00
950.048 0.00000E+00
972.669 0.00000E+00
995.289 0.00000E+00
1017.909 0.00000E+00
1040.529 0.00000E+00
1063.149 0.00000E+00
1085.770 0.00000E+00
1108.390 0.00000E+00
1131.010 0.00000E+00
1153.630 0.00000E+00
1176.250 0.00000E+00
1198.871 0.00000E+00
1221.491 0.00000E+00
1221.491 0.00000E+00
1264.103 0.00000E+00
1306.716 0.00000E+00
1349.328 0.00000E+00
1391.941 0.00000E+00
1434.554 0.00000E+00
1477.166 0.00000E+00
1519.779 0.00000E+00
1562.391 0.00000E+00
1605.004 0.00000E+00
1647.617 0.00000E+00
1690.229 0.00000E+00
1732.842 0.00000E+00
1775.454 0.00000E+00
1818.067 0.00000E+00
1860.679 0.00000E+00
1903.292 0.00000E+00
1945.905 0.00000E+00
1988.517 0.00000E+00
2031.130 0.00000E+00
2073.742 0.00000E+00
2116.355 0.00000E+00
2158.968 0.00000E+00
2201.580 0.00000E+00
2244.193 0.00000E+00
2286.805 0.00000E+00
2329.418 0.00000E+00
2372.031 0.00000E+00
2414.643 0.00000E+00
2457.256 0.00000E+00
2499.868 0.00000E+00
2542.481 0.00000E+00
2585.094 0.00000E+00
2627.706 0.00000E+00
2670.319 0.00000E+00
2712.931 0.00000E+00
2755.544 0.00000E+00
2798.156 0.00000E+00
2840.769 0.00000E+00
2883.382 0.00000E+00
2925.994 0.00000E+00
2968.607 0.00000E+00
3011.219 0.00000E+00
3053.832 0.00000E+00
3096.444 0.00000E+00
3139.057 0.00000E+00
3181.670 0.00000E+00
3224.282 0.00000E+00
3266.895 0.00000E+00
3309.508 0.00000E+00
3352.120 0.00000E+00
3394.733 0.00000E+00
3437.345 0.00000E+00
3479.958 0.00000E+00
3479.958 -0.18887E-01
3517.468 -0.84292E-01
3554.979 0.15569E+00
3592.490 0.50202E+00
3630.000 0.84922E+00
3630.000 0.84922E+00
3662.833 0.11161E+01
3695.667 0.13312E+01
3728.500 0.14918E+01
3761.333 0.16011E+01
3794.167 0.16657E+01
3827.000 0.16931E+01
3859.833 0.16908E+01
3892.667 0.16660E+01
3925.500 0.16248E+01
3958.333 0.15726E+01
3991.167 0.15138E+01
4024.000 0.14519E+01
4056.833 0.13895E+01
4089.667 0.13287E+01
4122.500 0.12711E+01
4155.333 0.12176E+01
4188.167 0.11688E+01
4221.000 0.11251E+01
4253.833 0.10863E+01
4286.667 0.10522E+01
4319.500 0.10225E+01
4352.333 0.99645E+00
4385.167 0.97347E+00
4418.000 0.95271E+00
4450.833 0.93331E+00
4483.667 0.91434E+00
4516.500 0.89485E+00
4549.333 0.87389E+00
4582.167 0.85053E+00
4615.000 0.82387E+00
4647.833 0.79309E+00
4680.667 0.75748E+00
4713.500 0.71646E+00
4746.333 0.66963E+00
4779.167 0.61676E+00
4812.000 0.55790E+00
4844.833 0.49337E+00
4877.667 0.42379E+00
4910.500 0.35018E+00
4943.333 0.27390E+00
4976.167 0.19680E+00
5009.000 0.12114E+00
5041.833 0.49689E-01
5074.667 -0.14274E-01
5107.500 -0.66962E-01
5140.333 -0.10407E+00
5173.167 -0.12076E+00
5206.000 -0.11175E+00
5238.833 -0.71256E-01
5271.667 0.68849E-02
5304.500 0.12918E+00
5337.333 0.30240E+00
5370.167 0.53347E+00
5403.000 0.82934E+00
5435.833 0.11969E+01
5468.667 0.16427E+01
5501.500 0.21730E+01
5534.333 0.27934E+01
5567.167 0.35088E+01
5600.000 0.43228E+01
5600.000 0.43228E+01
5625.250 0.50321E+01
5650.500 0.58011E+01
5675.750 0.66271E+01
5701.000 0.75063E+01
5701.000 0.72735E+01
5724.333 0.80770E+01
5747.667 0.89035E+01
5771.000 0.97461E+01
5771.000 0.97461E+01
5796.000 0.10600E+02
5821.000 0.11435E+02
5846.000 0.12234E+02
5871.000 0.12981E+02
5896.000 0.13660E+02
5921.000 0.14253E+02
5946.000 0.14743E+02
5971.000 0.15115E+02
5971.000 0.14727E+02
5993.500 0.15021E+02
6016.000 0.15210E+02
6038.500 0.15288E+02
6061.000 0.15251E+02
6083.500 0.15098E+02
6106.000 0.14827E+02
6128.500 0.14442E+02
6151.000 0.13947E+02
6151.000 0.13315E+02
6174.333 0.12640E+02
6197.667 0.11867E+02
6221.000 0.11011E+02
6244.333 0.10090E+02
6267.667 0.91211E+01
6291.000 0.81241E+01
6291.000 0.81870E+01
6309.543 0.73787E+01
6328.086 0.65745E+01
6346.629 0.57826E+01
6346.629 0.38219E+01
6351.314 0.36596E+01
6356.000 0.34988E+01
6356.000 0.24426E+01
6362.000 0.22771E+01
6368.000 0.21184E+01
6368.000 0.00000E+00
6369.500 0.00000E+00
6371.000 0.00000E+00
