0.000 0.00000E+00
22.620 0.00000E+00
45.240 0.00000E+00
67.861 0.00000E+00
90.481 0.00000E+00
113.101 0.00000E+00
135.721 0.00000E+00
158.341 0.00000E+00
180.962 0.00000E+00
203.582 0.00000E+00
226.202 0.00000E+00
248.822 0.00000E+00
271.442 0.00000E+00
294.063 0.00000E+00
316.683 0.00000E+00
339.303 0.00000E+00
361.923 0.00000E+00
384.543 0.00000E+00
407.164 0.00000E+00
429.784 0.00000E+00
452.404 0.00000E+00
475.024 0.00000E+00
497.644 0.00000E+00
520.265 0.00000E+00
542.885 0.00000E+00
565.505 0.00000E+00
588.125 0.00000E+00
610.745 0.00000E+00
633.366 0.00000E+00
655.986 0.00000E+00
678.606 0.00000E+00
701.226 0.00000E+00
723.846 0.00000E+00
746.467 0.00000E+00
769.087 0.00000E+00
791.707 0.00000E+00
814.327 0.00000E+00
836.947 0.00000E+00
859.568 0.00000E+00
882.188 0.00000E+00
904.808 0.00000E+00
927.428 0.00000E+00
950.048 0.00000E+00
972.669 0.00000E+00
995.289 0.00000E+00
1017.909 0.00000E+00
1040.529 0.00000E+00
1063.149 0.00000E+00
1085.770 0.00000E+00
1108.390 0.00000E+00
1131.010 0.00000E+00
1153.630 0.00000E+00
1176.250 0.00000E+00
1198.871 0.00000E+00
1221.491 0.00000E+00
1221.491 0.00000E+00
1264.103 0.00000E+00
1306.716 0.00000E+00
1349.328 0.00000E+00
1391.941 0.00000E+00
1434.554 0.00000E+00
1477.166 0.00000E+00
1519.779 0.00000E+00
1562.391 0.00000E+00
1605.004 0.00000E+00
1647.617 0.00000E+00
1690.229 0.00000E+00
1732.842 0.00000E+00
1775.454 0.00000E+00
1818.067 0.00000E+00
1860.679 0.00000E+00
1903.292 0.00000E+00
1945.905 0.00000E+00
1988.517 0.00000E+00
2031.130 0.00000E+00
2073.742 0.00000E+00
2116.355 0.00000E+00
2158.968 0.00000E+00
2201.580 0.00000E+00
2244.193 0.00000E+00
2286.805 0.00000E+00
2329.418 0.00000E+00
2372.031 0.00000E+00
2414.643 0.00000E+00
2457.256 0.00000E+00
2499.868 0.00000E+00
2542.481 0.00000E+00
2585.094 0.00000E+00
2627.706 0.00000E+00
2670.319 0.00000E+00
2712.931 0.00000E+00
2755.544 0.00000E+00
2798.156 0.00000E+00
2840.769 0.00000E+00
2883.382 0.00000E+00
2925.994 0.00000E+00
2968.607 0.00000E+00
3011.219 0.00000E+00
3053.832 0.00000E+00
3096.444 0.00000E+00
3139.057 0.00000E+00
3181.670 0.00000E+00
3224.282 0.00000E+00
3266.895 0.00000E+00
3309.508 0.00000E+00
3352.120 0.00000E+00
3394.733 0.00000E+00
3437.345 0.00000E+00
3479.958 0.00000E+00
3479.958 0.56758E-02
3517.468 0.47143E-01
3554.979 0.11163E+00
3592.490 0.18837E+00
3630.000 0.26990E+00
3630.000 0.26990E+00
3662.833 0.34132E+00
3695.667 0.41011E+00
3728.500 0.47462E+00
3761.333 0.53375E+00
3794.167 0.58686E+00
3827.000 0.63355E+00
3859.833 0.67367E+00
3892.667 0.70720E+00
3925.500 0.73422E+00
3958.333 0.75486E+00
3991.167 0.76930E+00
4024.000 0.77776E+00
4056.833 0.78044E+00
4089.667 0.77759E+00
4122.500 0.76944E+00
4155.333 0.75625E+00
4188.167 0.73828E+00
4221.000 0.71581E+00
4253.833 0.68916E+00
4286.667 0.65866E+00
4319.500 0.62469E+00
4352.333 0.58768E+00
4385.167 0.54807E+00
4418.000 0.50641E+00
4450.833 0.46326E+00
4483.667 0.41928E+00
4516.500 0.37517E+00
4549.333 0.33172E+00
4582.167 0.28979E+00
4615.000 0.25029E+00
4647.833 0.21424E+00
4680.667 0.18270E+00
4713.500 0.15682E+00
4746.333 0.13778E+00
4779.167 0.12685E+00
4812.000 0.12534E+00
4844.833 0.13458E+00
4877.667 0.15595E+00
4910.500 0.19085E+00
4943.333 0.24066E+00
4976.167 0.30677E+00
5009.000 0.39052E+00
5041.833 0.49323E+00
5074.667 0.61612E+00
5107.500 0.76035E+00
5140.333 0.92695E+00
5173.167 0.11168E+01
5206.000 0.13308E+01
5238.833 0.15693E+01
5271.667 0.18329E+01
5304.500 0.21216E+01
5337.333 0.24354E+01
5370.167 0.27739E+01
5403.000 0.31365E+01
5435.833 0.35223E+01
5468.667 0.39299E+01
5501.500 0.43579E+01
5534.333 0.48043E+01
5567.167 0.52668E+01
5600.000 0.57427E+01
5600.000 0.57427E+01
5625.250 0.61714E+01
5650.500 0.66055E+01
5675.750 0.70425E+01
5701.000 0.74794E+01
5701.000 0.75814E+01
5724.333 0.79101E+01
5747.667 0.82338E+01
5771.000 0.85501E+01
5771.000 0.85502E+01
5796.000 0.88607E+01
5821.000 0.91436E+01
5846.000 0.93945E+01
5871.000 0.96091E+01
5896.000 0.97829E+01
5921.000 0.99120E+01
5946.000 0.99924E+01
5971.000 0.10021E+02
5971.000 0.98767E+01
5993.500 0.98706E+01
6016.000 0.98338E+01
6038.500 0.97660E+01
6061.000 0.96666E+01
6083.500 0.95359E+01
6106.000 0.93742E+01
6128.500 0.91824E+01
6151.000 0.89616E+01
6151.000 0.83775E+01
6174.333 0.81054E+01
6197.667 0.78154E+01
6221.000 0.75103E+01
6244.333 0.71934E+01
6267.667 0.68680E+01
6291.000 0.65376E+01
6291.000 0.65635E+01
6309.543 0.62989E+01
6328.086 0.60342E+01
6346.629 0.57712E+01
6346.629 0.36524E+01
6351.314 0.36003E+01
6356.000 0.35494E+01
6356.000 0.24460E+01
6362.000 0.23912E+01
6368.000 0.23417E+01
6368.000 0.00000E+00
6369.500 0.00000E+00
6371.000 0.00000E+00
