0.000 0.00000E+00
22.620 0.00000E+00
45.240 0.00000E+00
67.861 0.00000E+00
90.481 0.00000E+00
113.101 0.00000E+00
135.721 0.00000E+00
158.341 0.00000E+00
180.962 0.00000E+00
203.582 0.00000E+00
226.202 0.00000E+00
248.822 0.00000E+00
271.442 0.00000E+00
294.063 0.00000E+00
316.683 0.00000E+00
339.303 0.00000E+00
361.923 0.00000E+00
384.543 0.00000E+00
407.164 0.00000E+00
429.784 0.00000E+00
452.404 0.00000E+00
475.024 0.00000E+00
497.644 0.00000E+00
520.265 0.00000E+00
542.885 0.00000E+00
565.505 0.00000E+00
588.125 0.00000E+00
610.745 0.00000E+00
633.366 0.00000E+00
655.986 0.00000E+00
678.606 0.00000E+00
701.226 0.00000E+00
723.846 0.00000E+00
746.467 0.00000E+00
769.087 0.00000E+00
791.707 0.00000E+00
814.327 0.00000E+00
836.947 0.00000E+00
859.568 0.00000E+00
882.188 0.00000E+00
904.808 0.00000E+00
927.428 0.00000E+00
950.048 0.00000E+00
972.669 0.00000E+00
995.289 0.00000E+00
1017.909 0.00000E+00
1040.529 0.00000E+00
1063.149 0.00000E+00
1085.770 0.00000E+00
1108.390 0.00000E+00
1131.010 0.00000E+00
1153.630 0.00000E+00
1176.250 0.00000E+00
1198.871 0.00000E+00
1221.491 0.00000E+00
1221.491 0.00000E+00
1264.103 0.00000E+00
1306.716 0.00000E+00
1349.328 0.00000E+00
1391.941 0.00000E+00
1434.554 0.00000E+00
1477.166 0.00000E+00
1519.779 0.00000E+00
1562.391 0.00000E+00
1605.004 0.00000E+00
1647.617 0.00000E+00
1690.229 0.00000E+00
1732.842 0.00000E+00
1775.454 0.00000E+00
1818.067 0.00000E+00
1860.679 0.00000E+00
1903.292 0.00000E+00
1945.905 0.00000E+00
1988.517 0.00000E+00
2031.130 0.00000E+00
2073.742 0.00000E+00
2116.355 0.00000E+00
2158.968 0.00000E+00
2201.580 0.00000E+00
2244.193 0.00000E+00
2286.805 0.00000E+00
2329.418 0.00000E+00
2372.031 0.00000E+00
2414.643 0.00000E+00
2457.256 0.00000E+00
2499.868 0.00000E+00
2542.481 0.00000E+00
2585.094 0.00000E+00
2627.706 0.00000E+00
2670.319 0.00000E+00
2712.931 0.00000E+00
2755.544 0.00000E+00
2798.156 0.00000E+00
2840.769 0.00000E+00
2883.382 0.00000E+00
2925.994 0.00000E+00
2968.607 0.00000E+00
3011.219 0.00000E+00
3053.832 0.00000E+00
3096.444 0.00000E+00
3139.057 0.00000E+00
3181.670 0.00000E+00
3224.282 0.00000E+00
3266.895 0.00000E+00
3309.508 0.00000E+00
3352.120 0.00000E+00
3394.733 0.00000E+00
3437.345 0.00000E+00
3479.958 0.00000E+00
3479.958 0.15101E+01
3517.468 0.28395E+00
3554.979 0.14081E+01
3592.490 0.34313E+01
3630.000 0.55732E+01
3630.000 0.55732E+01
3662.833 0.72604E+01
3695.667 0.86350E+01
3728.500 0.96643E+01
3761.333 0.10361E+02
3794.167 0.10762E+02
3827.000 0.10912E+02
3859.833 0.10859E+02
3892.667 0.10647E+02
3925.500 0.10316E+02
3958.333 0.98992E+01
3991.167 0.94256E+01
4024.000 0.89175E+01
4056.833 0.83927E+01
4089.667 0.78650E+01
4122.500 0.73447E+01
4155.333 0.68394E+01
4188.167 0.63543E+01
4221.000 0.58928E+01
4253.833 0.54570E+01
4286.667 0.50479E+01
4319.500 0.46656E+01
4352.333 0.43097E+01
4385.167 0.39795E+01
4418.000 0.36738E+01
4450.833 0.33912E+01
4483.667 0.31306E+01
4516.500 0.28904E+01
4549.333 0.26692E+01
4582.167 0.24658E+01
4615.000 0.22789E+01
4647.833 0.21074E+01
4680.667 0.19501E+01
4713.500 0.18061E+01
4746.333 0.16745E+01
4779.167 0.15547E+01
4812.000 0.14460E+01
4844.833 0.13478E+01
4877.667 0.12598E+01
4910.500 0.11816E+01
4943.333 0.11129E+01
4976.167 0.10536E+01
5009.000 0.10035E+01
5041.833 0.96262E+00
5074.667 0.93088E+00
5107.500 0.90833E+00
5140.333 0.89500E+00
5173.167 0.89096E+00
5206.000 0.89628E+00
5238.833 0.91102E+00
5271.667 0.93521E+00
5304.500 0.96885E+00
5337.333 0.10119E+01
5370.167 0.10643E+01
5403.000 0.11259E+01
5435.833 0.11964E+01
5468.667 0.12756E+01
5501.500 0.13630E+01
5534.333 0.14582E+01
5567.167 0.15605E+01
5600.000 0.16693E+01
5600.000 0.16693E+01
5625.250 0.17495E+01
5650.500 0.18313E+01
5675.750 0.19137E+01
5701.000 0.19953E+01
5701.000 0.18513E+01
5724.333 0.19311E+01
5747.667 0.20036E+01
5771.000 0.20679E+01
5771.000 0.20679E+01
5796.000 0.21099E+01
5821.000 0.21398E+01
5846.000 0.21563E+01
5871.000 0.21583E+01
5896.000 0.21449E+01
5921.000 0.21154E+01
5946.000 0.20693E+01
5971.000 0.20067E+01
5971.000 0.19388E+01
5993.500 0.18868E+01
6016.000 0.18208E+01
6038.500 0.17417E+01
6061.000 0.16509E+01
6083.500 0.15497E+01
6106.000 0.14398E+01
6128.500 0.13230E+01
6151.000 0.12012E+01
6151.000 0.11699E+01
6174.333 0.10365E+01
6197.667 0.90248E+00
6221.000 0.77070E+00
6244.333 0.64371E+00
6267.667 0.52386E+00
6291.000 0.41324E+00
6291.000 0.41965E+00
6309.543 0.33835E+00
6328.086 0.26488E+00
6346.629 0.19977E+00
6346.629 0.14065E+00
6351.314 0.12823E+00
6356.000 0.11627E+00
6356.000 0.80867E-01
6362.000 0.69406E-01
6368.000 0.58671E-01
6368.000 0.00000E+00
6369.500 0.00000E+00
6371.000 0.00000E+00
