0.000 0.00000E+00
22.620 0.00000E+00
45.240 0.00000E+00
67.861 0.00000E+00
90.481 0.00000E+00
113.101 0.00000E+00
135.721 0.00000E+00
158.341 0.00000E+00
180.962 0.00000E+00
203.582 0.00000E+00
226.202 0.00000E+00
248.822 0.00000E+00
271.442 0.00000E+00
294.063 0.00000E+00
316.683 0.00000E+00
339.303 0.00000E+00
361.923 0.00000E+00
384.543 0.00000E+00
407.164 0.00000E+00
429.784 0.00000E+00
452.404 0.00000E+00
475.024 0.00000E+00
497.644 0.00000E+00
520.265 0.00000E+00
542.885 0.00000E+00
565.505 0.00000E+00
588.125 0.00000E+00
610.745 0.00000E+00
633.366 0.00000E+00
655.986 0.00000E+00
678.606 0.00000E+00
701.226 0.00000E+00
723.846 0.00000E+00
746.467 0.00000E+00
769.087 0.00000E+00
791.707 0.00000E+00
814.327 0.00000E+00
836.947 0.00000E+00
859.568 0.00000E+00
882.188 0.00000E+00
904.808 0.00000E+00
927.428 0.00000E+00
950.048 0.00000E+00
972.669 0.00000E+00
995.289 0.00000E+00
1017.909 0.00000E+00
1040.529 0.00000E+00
1063.149 0.00000E+00
1085.770 0.00000E+00
1108.390 0.00000E+00
1131.010 0.00000E+00
1153.630 0.00000E+00
1176.250 0.00000E+00
1198.871 0.00000E+00
1221.491 0.00000E+00
1221.491 0.00000E+00
1264.103 0.00000E+00
1306.716 0.00000E+00
1349.328 0.00000E+00
1391.941 0.00000E+00
1434.554 0.00000E+00
1477.166 0.00000E+00
1519.779 0.00000E+00
1562.391 0.00000E+00
1605.004 0.00000E+00
1647.617 0.00000E+00
1690.229 0.00000E+00
1732.842 0.00000E+00
1775.454 0.00000E+00
1818.067 0.00000E+00
1860.679 0.00000E+00
1903.292 0.00000E+00
1945.905 0.00000E+00
1988.517 0.00000E+00
2031.130 0.00000E+00
2073.742 0.00000E+00
2116.355 0.00000E+00
2158.968 0.00000E+00
2201.580 0.00000E+00
2244.193 0.00000E+00
2286.805 0.00000E+00
2329.418 0.00000E+00
2372.031 0.00000E+00
2414.643 0.00000E+00
2457.256 0.00000E+00
2499.868 0.00000E+00
2542.481 0.00000E+00
2585.094 0.00000E+00
2627.706 0.00000E+00
2670.319 0.00000E+00
2712.931 0.00000E+00
2755.544 0.00000E+00
2798.156 0.00000E+00
2840.769 0.00000E+00
2883.382 0.00000E+00
2925.994 0.00000E+00
2968.607 0.00000E+00
3011.219 0.00000E+00
3053.832 0.00000E+00
3096.444 0.00000E+00
3139.057 0.00000E+00
3181.670 0.00000E+00
3224.282 0.00000E+00
3266.895 0.00000E+00
3309.508 0.00000E+00
3352.120 0.00000E+00
3394.733 0.00000E+00
3437.345 0.00000E+00
3479.958 0.00000E+00
3479.958 0.56509E-07
3517.468 0.54405E-07
3554.979 0.25704E-06
3592.490 0.58326E-06
3630.000 0.99091E-06
3630.000 0.99091E-06
3662.833 0.14817E-05
3695.667 0.21747E-05
3728.500 0.31706E-05
3761.333 0.46085E-05
3794.167 0.66829E-05
3827.000 0.96657E-05
3859.833 0.13937E-04
3892.667 0.20024E-04
3925.500 0.28662E-04
3958.333 0.40861E-04
3991.167 0.58014E-04
4024.000 0.82022E-04
4056.833 0.11548E-03
4089.667 0.16190E-03
4122.500 0.22602E-03
4155.333 0.31423E-03
4188.167 0.43502E-03
4221.000 0.59975E-03
4253.833 0.82343E-03
4286.667 0.11259E-02
4319.500 0.15331E-02
4352.333 0.20790E-02
4385.167 0.28079E-02
4418.000 0.37768E-02
4450.833 0.50595E-02
4483.667 0.67503E-02
4516.500 0.89697E-02
4549.333 0.11870E-01
4582.167 0.15646E-01
4615.000 0.20537E-01
4647.833 0.26849E-01
4680.667 0.34957E-01
4713.500 0.45326E-01
4746.333 0.58530E-01
4779.167 0.75265E-01
4812.000 0.96380E-01
4844.833 0.12290E+00
4877.667 0.15605E+00
4910.500 0.19728E+00
4943.333 0.24832E+00
4976.167 0.31119E+00
5009.000 0.38822E+00
5041.833 0.48210E+00
5074.667 0.59589E+00
5107.500 0.73304E+00
5140.333 0.89735E+00
5173.167 0.10930E+01
5206.000 0.13245E+01
5238.833 0.15965E+01
5271.667 0.19137E+01
5304.500 0.22810E+01
5337.333 0.27027E+01
5370.167 0.31826E+01
5403.000 0.37233E+01
5435.833 0.43262E+01
5468.667 0.49903E+01
5501.500 0.57120E+01
5534.333 0.64841E+01
5567.167 0.72952E+01
5600.000 0.81285E+01
5600.000 0.81285E+01
5625.250 0.88283E+01
5650.500 0.95286E+01
5675.750 0.10214E+02
5701.000 0.10867E+02
5701.000 0.12269E+02
5724.333 0.12923E+02
5747.667 0.13535E+02
5771.000 0.14074E+02
5771.000 0.14074E+02
5796.000 0.14731E+02
5821.000 0.15276E+02
5846.000 0.15680E+02
5871.000 0.15915E+02
5896.000 0.15955E+02
5921.000 0.15778E+02
5946.000 0.15365E+02
5971.000 0.14706E+02
5971.000 0.15746E+02
5993.500 0.14853E+02
6016.000 0.13733E+02
6038.500 0.12398E+02
6061.000 0.10872E+02
6083.500 0.91976E+01
6106.000 0.74277E+01
6128.500 0.56326E+01
6151.000 0.38975E+01
6151.000 0.45430E+01
6174.333 0.28748E+01
6197.667 0.14706E+01
6221.000 0.47058E+00
6244.333 0.26470E-01
6267.667 0.30106E+00
6291.000 0.14684E+01
6291.000 0.13002E+01
6309.543 0.30040E+01
6328.086 0.55120E+01
6346.629 0.89414E+01
6346.629 0.46024E+01
6351.314 0.53719E+01
6356.000 0.61857E+01
6356.000 0.41271E+01
6362.000 0.49626E+01
6368.000 0.58411E+01
6368.000 0.00000E+00
6369.500 0.00000E+00
6371.000 0.00000E+00
