0.000 0.00000E+00
22.620 0.00000E+00
45.240 0.00000E+00
67.861 0.00000E+00
90.481 0.00000E+00
113.101 0.00000E+00
135.721 0.00000E+00
158.341 0.00000E+00
180.962 0.00000E+00
203.582 0.00000E+00
226.202 0.00000E+00
248.822 0.00000E+00
271.442 0.00000E+00
294.063 0.00000E+00
316.683 0.00000E+00
339.303 0.00000E+00
361.923 0.00000E+00
384.543 0.00000E+00
407.164 0.00000E+00
429.784 0.00000E+00
452.404 0.00000E+00
475.024 0.00000E+00
497.644 0.00000E+00
520.265 0.00000E+00
542.885 0.00000E+00
565.505 0.00000E+00
588.125 0.00000E+00
610.745 0.00000E+00
633.366 0.00000E+00
655.986 0.00000E+00
678.606 0.00000E+00
701.226 0.00000E+00
723.846 0.00000E+00
746.467 0.00000E+00
769.087 0.00000E+00
791.707 0.00000E+00
814.327 0.00000E+00
836.947 0.00000E+00
859.568 0.00000E+00
882.188 0.00000E+00
904.808 0.00000E+00
927.428 0.00000E+00
950.048 0.00000E+00
972.669 0.00000E+00
995.289 0.00000E+00
1017.909 0.00000E+00
1040.529 0.00000E+00
1063.149 0.00000E+00
1085.770 0.00000E+00
1108.390 0.00000E+00
1131.010 0.00000E+00
1153.630 0.00000E+00
1176.250 0.00000E+00
1198.871 0.00000E+00
1221.491 0.00000E+00
1221.491 0.00000E+00
1264.103 0.00000E+00
1306.716 0.00000E+00
1349.328 0.00000E+00
1391.941 0.00000E+00
1434.554 0.00000E+00
1477.166 0.00000E+00
1519.779 0.00000E+00
1562.391 0.00000E+00
1605.004 0.00000E+00
1647.617 0.00000E+00
1690.229 0.00000E+00
1732.842 0.00000E+00
1775.454 0.00000E+00
1818.067 0.00000E+00
1860.679 0.00000E+00
1903.292 0.00000E+00
1945.905 0.00000E+00
1988.517 0.00000E+00
2031.130 0.00000E+00
2073.742 0.00000E+00
2116.355 0.00000E+00
2158.968 0.00000E+00
2201.580 0.00000E+00
2244.193 0.00000E+00
2286.805 0.00000E+00
2329.418 0.00000E+00
2372.031 0.00000E+00
2414.643 0.00000E+00
2457.256 0.00000E+00
2499.868 0.00000E+00
2542.481 0.00000E+00
2585.094 0.00000E+00
2627.706 0.00000E+00
2670.319 0.00000E+00
2712.931 0.00000E+00
2755.544 0.00000E+00
2798.156 0.00000E+00
2840.769 0.00000E+00
2883.382 -0.00000E+00
2925.994 -0.00000E+00
2968.607 -0.00000E+00
3011.219 -0.00000E+00
3053.832 -0.00000E+00
3096.444 -0.00000E+00
3139.057 -0.00000E+00
3181.670 -0.00000E+00
3224.282 -0.00000E+00
3266.895 -0.00000E+00
3309.508 -0.00000E+00
3352.120 -0.00000E+00
3394.733 -0.00000E+00
3437.345 -0.00000E+00
3479.958 -0.00000E+00
3479.958 -0.35592E+00
3517.468 -0.29518E+00
3554.979 -0.18113E+00
3592.490 -0.79486E-02
3630.000 0.22800E+00
3630.000 0.22800E+00
3662.833 0.48078E+00
3695.667 0.77604E+00
3728.500 0.11067E+01
3761.333 0.14624E+01
3794.167 0.18300E+01
3827.000 0.21940E+01
3859.833 0.25375E+01
3892.667 0.28433E+01
3925.500 0.30948E+01
3958.333 0.32776E+01
3991.167 0.33802E+01
4024.000 0.33950E+01
4056.833 0.33190E+01
4089.667 0.31542E+01
4122.500 0.29072E+01
4155.333 0.25894E+01
4188.167 0.22155E+01
4221.000 0.18031E+01
4253.833 0.13712E+01
4286.667 0.93878E+00
4319.500 0.52373E+00
4352.333 0.14144E+00
4385.167 -0.19609E+00
4418.000 -0.48090E+00
4450.833 -0.70939E+00
4483.667 -0.88221E+00
4516.500 -0.10039E+01
4549.333 -0.10820E+01
4582.167 -0.11262E+01
4615.000 -0.11471E+01
4647.833 -0.11552E+01
4680.667 -0.11596E+01
4713.500 -0.11673E+01
4746.333 -0.11827E+01
4779.167 -0.12067E+01
4812.000 -0.12376E+01
4844.833 -0.12703E+01
4877.667 -0.12979E+01
4910.500 -0.13115E+01
4943.333 -0.13019E+01
4976.167 -0.12596E+01
5009.000 -0.11761E+01
5041.833 -0.10444E+01
5074.667 -0.85988E+00
5107.500 -0.61995E+00
5140.333 -0.32500E+00
5173.167 0.21872E-01
5206.000 0.41468E+00
5238.833 0.84462E+00
5271.667 0.13002E+01
5304.500 0.17671E+01
5337.333 0.22288E+01
5370.167 0.26666E+01
5403.000 0.30600E+01
5435.833 0.33879E+01
5468.667 0.36292E+01
5501.500 0.37644E+01
5534.333 0.37774E+01
5567.167 0.36568E+01
5600.000 0.33982E+01
5600.000 0.33982E+01
5625.250 0.31731E+01
5650.500 0.28701E+01
5675.750 0.24932E+01
5701.000 0.20509E+01
5701.000 0.27813E+01
5724.333 0.21693E+01
5747.667 0.15196E+01
5771.000 0.86402E+00
5771.000 0.86403E+00
5796.000 0.21603E+00
5821.000 -0.38708E+00
5846.000 -0.89521E+00
5871.000 -0.12580E+01
5896.000 -0.14300E+01
5921.000 -0.13759E+01
5946.000 -0.10769E+01
5971.000 -0.53543E+00
5971.000 -0.43595E+00
5993.500 0.24672E+00
6016.000 0.10196E+01
6038.500 0.18219E+01
6061.000 0.25904E+01
6083.500 0.32651E+01
6106.000 0.37944E+01
6128.500 0.41401E+01
6151.000 0.42807E+01
6151.000 0.48867E+01
6174.333 0.47849E+01
6197.667 0.44054E+01
6221.000 0.38090E+01
6244.333 0.30763E+01
6267.667 0.22965E+01
6291.000 0.15557E+01
6291.000 0.15313E+01
6309.543 0.10333E+01
6328.086 0.62841E+00
6346.629 0.33217E+00
6346.629 0.30927E+00
6351.314 0.24813E+00
6356.000 0.19486E+00
6356.000 0.16872E+00
6362.000 0.11006E+00
6368.000 0.69003E-01
6368.000 0.00000E+00
6369.500 0.00000E+00
6371.000 0.00000E+00
