0.000 0.00000E+00
22.620 0.00000E+00
45.240 0.00000E+00
67.861 0.00000E+00
90.481 0.00000E+00
113.101 0.00000E+00
135.721 0.00000E+00
158.341 0.00000E+00
180.962 0.00000E+00
203.582 0.00000E+00
226.202 0.00000E+00
248.822 0.00000E+00
271.442 0.00000E+00
294.063 0.00000E+00
316.683 0.00000E+00
339.303 0.00000E+00
361.923 0.00000E+00
384.543 0.00000E+00
407.164 0.00000E+00
429.784 0.00000E+00
452.404 0.00000E+00
475.024 0.00000E+00
497.644 0.00000E+00
520.265 0.00000E+00
542.885 0.00000E+00
565.505 0.00000E+00
588.125 0.00000E+00
610.745 0.00000E+00
633.366 0.00000E+00
655.986 0.00000E+00
678.606 0.00000E+00
701.226 0.00000E+00
723.846 0.00000E+00
746.467 0.00000E+00
769.087 0.00000E+00
791.707 0.00000E+00
814.327 0.00000E+00
836.947 0.00000E+00
859.568 0.00000E+00
882.188 0.00000E+00
904.808 0.00000E+00
927.428 0.00000E+00
950.048 0.00000E+00
972.669 0.00000E+00
995.289 0.00000E+00
1017.909 0.00000E+00
1040.529 0.00000E+00
1063.149 0.00000E+00
1085.770 0.00000E+00
1108.390 0.00000E+00
1131.010 0.00000E+00
1153.630 0.00000E+00
1176.250 0.00000E+00
1198.871 0.00000E+00
1221.491 0.00000E+00
1221.491 0.00000E+00
1264.103 0.00000E+00
1306.716 0.00000E+00
1349.328 0.00000E+00
1391.941 0.00000E+00
1434.554 0.00000E+00
1477.166 0.00000E+00
1519.779 0.00000E+00
1562.391 0.00000E+00
1605.004 0.00000E+00
1647.617 0.00000E+00
1690.229 0.00000E+00
1732.842 0.00000E+00
1775.454 0.00000E+00
1818.067 0.00000E+00
1860.679 0.00000E+00
1903.292 0.00000E+00
1945.905 0.00000E+00
1988.517 0.00000E+00
2031.130 0.00000E+00
2073.742 0.00000E+00
2116.355 0.00000E+00
2158.968 0.00000E+00
2201.580 0.00000E+00
2244.193 0.00000E+00
2286.805 0.00000E+00
2329.418 0.00000E+00
2372.031 0.00000E+00
2414.643 0.00000E+00
2457.256 0.00000E+00
2499.868 0.00000E+00
2542.481 0.00000E+00
2585.094 0.00000E+00
2627.706 0.00000E+00
2670.319 0.00000E+00
2712.931 0.00000E+00
2755.544 0.00000E+00
2798.156 0.00000E+00
2840.769 0.00000E+00
2883.382 0.00000E+00
2925.994 0.00000E+00
2968.607 0.00000E+00
3011.219 0.00000E+00
3053.832 0.00000E+00
3096.444 0.00000E+00
3139.057 0.00000E+00
3181.670 0.00000E+00
3224.282 0.00000E+00
3266.895 0.00000E+00
3309.508 0.00000E+00
3352.120 0.00000E+00
3394.733 0.00000E+00
3437.345 0.00000E+00
3479.958 0.00000E+00
3479.958 0.13675E+00
3517.468 0.95621E-01
3554.979 0.95035E-01
3592.490 0.11576E+00
3630.000 0.14675E+00
3630.000 0.14675E+00
3662.833 0.17787E+00
3695.667 0.21045E+00
3728.500 0.24360E+00
3761.333 0.27714E+00
3794.167 0.31138E+00
3827.000 0.34686E+00
3859.833 0.38426E+00
3892.667 0.42433E+00
3925.500 0.46784E+00
3958.333 0.51555E+00
3991.167 0.56821E+00
4024.000 0.62655E+00
4056.833 0.69128E+00
4089.667 0.76309E+00
4122.500 0.84263E+00
4155.333 0.93055E+00
4188.167 0.10275E+01
4221.000 0.11340E+01
4253.833 0.12506E+01
4286.667 0.13780E+01
4319.500 0.15165E+01
4352.333 0.16665E+01
4385.167 0.18286E+01
4418.000 0.20029E+01
4450.833 0.21896E+01
4483.667 0.23889E+01
4516.500 0.26007E+01
4549.333 0.28250E+01
4582.167 0.30612E+01
4615.000 0.33091E+01
4647.833 0.35679E+01
4680.667 0.38368E+01
4713.500 0.41146E+01
4746.333 0.44000E+01
4779.167 0.46914E+01
4812.000 0.49870E+01
4844.833 0.52845E+01
4877.667 0.55815E+01
4910.500 0.58753E+01
4943.333 0.61628E+01
4976.167 0.64407E+01
5009.000 0.67055E+01
5041.833 0.69531E+01
5074.667 0.71796E+01
5107.500 0.73807E+01
5140.333 0.75518E+01
5173.167 0.76885E+01
5206.000 0.77862E+01
5238.833 0.78404E+01
5271.667 0.78467E+01
5304.500 0.78010E+01
5337.333 0.76994E+01
5370.167 0.75389E+01
5403.000 0.73166E+01
5435.833 0.70308E+01
5468.667 0.66805E+01
5501.500 0.62661E+01
5534.333 0.57891E+01
5567.167 0.52526E+01
5600.000 0.46615E+01
5600.000 0.46615E+01
5625.250 0.42463E+01
5650.500 0.38119E+01
5675.750 0.33625E+01
5701.000 0.29033E+01
5701.000 0.39024E+01
5724.333 0.34116E+01
5747.667 0.29158E+01
5771.000 0.24193E+01
5771.000 0.24193E+01
5796.000 0.19840E+01
5821.000 0.15557E+01
5846.000 0.11404E+01
5871.000 0.74480E+00
5896.000 0.37561E+00
5921.000 0.39907E-01
5946.000 -0.25518E+00
5971.000 -0.50253E+00
5971.000 -0.31149E+00
5993.500 -0.54949E+00
6016.000 -0.73558E+00
6038.500 -0.86386E+00
6061.000 -0.92848E+00
6083.500 -0.92374E+00
6106.000 -0.84421E+00
6128.500 -0.68481E+00
6151.000 -0.44093E+00
6151.000 -0.87853E+00
6174.333 -0.51472E+00
6197.667 -0.61637E-01
6221.000 0.48205E+00
6244.333 0.11167E+01
6267.667 0.18418E+01
6291.000 0.26559E+01
6291.000 0.25626E+01
6309.543 0.32744E+01
6328.086 0.40421E+01
6346.629 0.48641E+01
6346.629 0.27081E+01
6351.314 0.28907E+01
6356.000 0.30760E+01
6356.000 0.21402E+01
6362.000 0.23289E+01
6368.000 0.25204E+01
6368.000 0.00000E+00
6369.500 0.00000E+00
6371.000 0.00000E+00
