0.000 0.00000E+00
22.620 0.00000E+00
45.240 0.00000E+00
67.861 0.00000E+00
90.481 0.00000E+00
113.101 0.00000E+00
135.721 0.00000E+00
158.341 0.00000E+00
180.962 0.00000E+00
203.582 0.00000E+00
226.202 0.00000E+00
248.822 0.00000E+00
271.442 0.00000E+00
294.063 0.00000E+00
316.683 0.00000E+00
339.303 0.00000E+00
361.923 0.00000E+00
384.543 0.00000E+00
407.164 0.00000E+00
429.784 0.00000E+00
452.404 0.00000E+00
475.024 0.00000E+00
497.644 0.00000E+00
520.265 0.00000E+00
542.885 0.00000E+00
565.505 0.00000E+00
588.125 0.00000E+00
610.745 0.00000E+00
633.366 0.00000E+00
655.986 0.00000E+00
678.606 0.00000E+00
701.226 0.00000E+00
723.846 0.00000E+00
746.467 0.00000E+00
769.087 0.00000E+00
791.707 0.00000E+00
814.327 0.00000E+00
836.947 0.00000E+00
859.568 0.00000E+00
882.188 0.00000E+00
904.808 0.00000E+00
927.428 0.00000E+00
950.048 0.00000E+00
972.669 0.00000E+00
995.289 0.00000E+00
1017.909 0.00000E+00
1040.529 0.00000E+00
1063.149 0.00000E+00
1085.770 0.00000E+00
1108.390 0.00000E+00
1131.010 0.00000E+00
1153.630 0.00000E+00
1176.250 0.00000E+00
1198.871 0.00000E+00
1221.491 0.00000E+00
1221.491 0.00000E+00
1264.103 0.00000E+00
1306.716 0.00000E+00
1349.328 0.00000E+00
1391.941 0.00000E+00
1434.554 0.00000E+00
1477.166 0.00000E+00
1519.779 0.00000E+00
1562.391 0.00000E+00
1605.004 0.00000E+00
1647.617 0.00000E+00
1690.229 0.00000E+00
1732.842 0.00000E+00
1775.454 0.00000E+00
1818.067 0.00000E+00
1860.679 0.00000E+00
1903.292 0.00000E+00
1945.905 0.00000E+00
1988.517 0.00000E+00
2031.130 0.00000E+00
2073.742 0.00000E+00
2116.355 0.00000E+00
2158.968 0.00000E+00
2201.580 0.00000E+00
2244.193 0.00000E+00
2286.805 0.00000E+00
2329.418 0.00000E+00
2372.031 0.00000E+00
2414.643 0.00000E+00
2457.256 0.00000E+00
2499.868 0.00000E+00
2542.481 0.00000E+00
2585.094 0.00000E+00
2627.706 0.00000E+00
2670.319 0.00000E+00
2712.931 0.00000E+00
2755.544 0.00000E+00
2798.156 0.00000E+00
2840.769 0.00000E+00
2883.382 -0.00000E+00
2925.994 -0.00000E+00
2968.607 -0.00000E+00
3011.219 -0.00000E+00
3053.832 -0.00000E+00
3096.444 -0.00000E+00
3139.057 -0.00000E+00
3181.670 -0.00000E+00
3224.282 -0.00000E+00
3266.895 -0.00000E+00
3309.508 -0.00000E+00
3352.120 0.00000E+00
3394.733 0.00000E+00
3437.345 0.00000E+00
3479.958 0.00000E+00
3479.958 0.29447E+00
3517.468 0.62275E+00
3554.979 0.10528E+01
3592.490 0.15482E+01
3630.000 0.20555E+01
3630.000 0.20555E+01
3662.833 0.24507E+01
3695.667 0.27605E+01
3728.500 0.29482E+01
3761.333 0.29890E+01
3794.167 0.28746E+01
3827.000 0.26140E+01
3859.833 0.22323E+01
3892.667 0.17669E+01
3925.500 0.12611E+01
3958.333 0.75786E+00
3991.167 0.29371E+00
4024.000 -0.10616E+00
4056.833 -0.42980E+00
4089.667 -0.67801E+00
4122.500 -0.86137E+00
4155.333 -0.99565E+00
4188.167 -0.10968E+01
4221.000 -0.11766E+01
4253.833 -0.12400E+01
4286.667 -0.12852E+01
4319.500 -0.13047E+01
4352.333 -0.12892E+01
4385.167 -0.12312E+01
4418.000 -0.11280E+01
4450.833 -0.98379E+00
4483.667 -0.80821E+00
4516.500 -0.61449E+00
4549.333 -0.41531E+00
4582.167 -0.21892E+00
4615.000 -0.26414E-01
4647.833 0.16891E+00
4680.667 0.37952E+00
4713.500 0.61935E+00
4746.333 0.89826E+00
4779.167 0.12166E+01
4812.000 0.15619E+01
4844.833 0.19081E+01
4877.667 0.22189E+01
4910.500 0.24539E+01
4943.333 0.25767E+01
4976.167 0.25631E+01
5009.000 0.24072E+01
5041.833 0.21234E+01
5074.667 0.17452E+01
5107.500 0.13186E+01
5140.333 0.89352E+00
5173.167 0.51453E+00
5206.000 0.21218E+00
5238.833 -0.18162E-02
5271.667 -0.13565E+00
5304.500 -0.21430E+00
5337.333 -0.27306E+00
5370.167 -0.34931E+00
5403.000 -0.47396E+00
5435.833 -0.66414E+00
5468.667 -0.91809E+00
5501.500 -0.12128E+01
5534.333 -0.15048E+01
5567.167 -0.17345E+01
5600.000 -0.18332E+01
5600.000 -0.18332E+01
5625.250 -0.17473E+01
5650.500 -0.15196E+01
5675.750 -0.11321E+01
5701.000 -0.57841E+00
5701.000 -0.47466E+00
5724.333 0.17859E+00
5747.667 0.91961E+00
5771.000 0.16901E+01
5771.000 0.16901E+01
5796.000 0.25352E+01
5821.000 0.32671E+01
5846.000 0.37777E+01
5871.000 0.39725E+01
5896.000 0.37930E+01
5921.000 0.32365E+01
5946.000 0.23674E+01
5971.000 0.13159E+01
5971.000 0.15214E+01
5993.500 0.46996E+00
6016.000 -0.42097E+00
6038.500 -0.10254E+01
6061.000 -0.12753E+01
6083.500 -0.11717E+01
6106.000 -0.78101E+00
6128.500 -0.21719E+00
6151.000 0.38581E+00
6151.000 0.49455E+00
6174.333 0.11199E+01
6197.667 0.14731E+01
6221.000 0.15240E+01
6244.333 0.13249E+01
6267.667 0.97991E+00
6291.000 0.60459E+00
6291.000 0.59769E+00
6309.543 0.34542E+00
6328.086 0.15821E+00
6346.629 0.45905E-01
6346.629 0.49614E-01
6351.314 0.31849E-01
6356.000 0.18409E-01
6356.000 0.17405E-01
6362.000 0.64581E-02
6368.000 0.19137E-02
6368.000 0.00000E+00
6369.500 0.00000E+00
6371.000 0.00000E+00
