0.000 0.00000E+00
22.620 0.00000E+00
45.240 0.00000E+00
67.861 0.00000E+00
90.481 0.00000E+00
113.101 0.00000E+00
135.721 0.00000E+00
158.341 0.00000E+00
180.962 0.00000E+00
203.582 0.00000E+00
226.202 0.00000E+00
248.822 0.00000E+00
271.442 0.00000E+00
294.063 0.00000E+00
316.683 0.00000E+00
339.303 0.00000E+00
361.923 0.00000E+00
384.543 0.00000E+00
407.164 0.00000E+00
429.784 0.00000E+00
452.404 0.00000E+00
475.024 0.00000E+00
497.644 0.00000E+00
520.265 0.00000E+00
542.885 0.00000E+00
565.505 0.00000E+00
588.125 0.00000E+00
610.745 0.00000E+00
633.366 0.00000E+00
655.986 0.00000E+00
678.606 0.00000E+00
701.226 0.00000E+00
723.846 0.00000E+00
746.467 0.00000E+00
769.087 0.00000E+00
791.707 0.00000E+00
814.327 0.00000E+00
836.947 0.00000E+00
859.568 0.00000E+00
882.188 0.00000E+00
904.808 0.00000E+00
927.428 0.00000E+00
950.048 0.00000E+00
972.669 0.00000E+00
995.289 0.00000E+00
1017.909 0.00000E+00
1040.529 0.00000E+00
1063.149 0.00000E+00
1085.770 0.00000E+00
1108.390 0.00000E+00
1131.010 0.00000E+00
1153.630 0.00000E+00
1176.250 0.00000E+00
1198.871 0.00000E+00
1221.491 0.00000E+00
1221.491 0.00000E+00
1264.103 0.00000E+00
1306.716 0.00000E+00
1349.328 0.00000E+00
1391.941 0.00000E+00
1434.554 0.00000E+00
1477.166 0.00000E+00
1519.779 0.00000E+00
1562.391 0.00000E+00
1605.004 0.00000E+00
1647.617 0.00000E+00
1690.229 0.00000E+00
1732.842 0.00000E+00
1775.454 0.00000E+00
1818.067 0.00000E+00
1860.679 0.00000E+00
1903.292 0.00000E+00
1945.905 0.00000E+00
1988.517 0.00000E+00
2031.130 0.00000E+00
2073.742 0.00000E+00
2116.355 0.00000E+00
2158.968 0.00000E+00
2201.580 0.00000E+00
2244.193 0.00000E+00
2286.805 0.00000E+00
2329.418 0.00000E+00
2372.031 0.00000E+00
2414.643 0.00000E+00
2457.256 0.00000E+00
2499.868 0.00000E+00
2542.481 0.00000E+00
2585.094 0.00000E+00
2627.706 0.00000E+00
2670.319 0.00000E+00
2712.931 0.00000E+00
2755.544 0.00000E+00
2798.156 0.00000E+00
2840.769 0.00000E+00
2883.382 0.00000E+00
2925.994 0.00000E+00
2968.607 0.00000E+00
3011.219 0.00000E+00
3053.832 0.00000E+00
3096.444 0.00000E+00
3139.057 0.00000E+00
3181.670 0.00000E+00
3224.282 0.00000E+00
3266.895 -0.00000E+00
3309.508 -0.00000E+00
3352.120 -0.00000E+00
3394.733 -0.00000E+00
3437.345 -0.00000E+00
3479.958 -0.00000E+00
3479.958 0.12416E+01
3517.468 0.11925E+01
3554.979 0.10975E+01
3592.490 0.96321E+00
3630.000 0.80083E+00
3630.000 0.80083E+00
3662.833 0.64589E+00
3695.667 0.49227E+00
3728.500 0.35081E+00
3761.333 0.23122E+00
3794.167 0.14087E+00
3827.000 0.83918E-01
3859.833 0.60712E-01
3892.667 0.67807E-01
3925.500 0.98475E-01
3958.333 0.14374E+00
3991.167 0.19385E+00
4024.000 0.23990E+00
4056.833 0.27552E+00
4089.667 0.29826E+00
4122.500 0.31038E+00
4155.333 0.31906E+00
4188.167 0.33564E+00
4221.000 0.37422E+00
4253.833 0.44949E+00
4286.667 0.57421E+00
4319.500 0.75666E+00
4352.333 0.99843E+00
4385.167 0.12929E+01
4418.000 0.16247E+01
4450.833 0.19707E+01
4483.667 0.23014E+01
4516.500 0.25843E+01
4549.333 0.27876E+01
4582.167 0.28833E+01
4615.000 0.28514E+01
4647.833 0.26824E+01
4680.667 0.23784E+01
4713.500 0.19533E+01
4746.333 0.14312E+01
4779.167 0.84381E+00
4812.000 0.22626E+00
4844.833 -0.38645E+00
4877.667 -0.96344E+00
4910.500 -0.14809E+01
4943.333 -0.19236E+01
4976.167 -0.22856E+01
5009.000 -0.25687E+01
5041.833 -0.27805E+01
5074.667 -0.29314E+01
5107.500 -0.30314E+01
5140.333 -0.30876E+01
5173.167 -0.31021E+01
5206.000 -0.30717E+01
5238.833 -0.29876E+01
5271.667 -0.28375E+01
5304.500 -0.26075E+01
5337.333 -0.22847E+01
5370.167 -0.18594E+01
5403.000 -0.13277E+01
5435.833 -0.69306E+00
5468.667 0.32954E-01
5501.500 0.82980E+00
5534.333 0.16682E+01
5567.167 0.25106E+01
5600.000 0.33124E+01
5600.000 0.33124E+01
5625.250 0.39464E+01
5650.500 0.45129E+01
5675.750 0.49827E+01
5701.000 0.53251E+01
5701.000 0.66901E+01
5724.333 0.67452E+01
5747.667 0.65501E+01
5771.000 0.61057E+01
5771.000 0.61057E+01
5796.000 0.55127E+01
5821.000 0.46436E+01
5846.000 0.35477E+01
5871.000 0.23092E+01
5896.000 0.10419E+01
5921.000 -0.12232E+00
5946.000 -0.10510E+01
5971.000 -0.16325E+01
5971.000 -0.16954E+01
5993.500 -0.18344E+01
6016.000 -0.16398E+01
6038.500 -0.11710E+01
6061.000 -0.51758E+00
6083.500 0.21496E+00
6106.000 0.92063E+00
6128.500 0.15082E+01
6151.000 0.19129E+01
6151.000 0.22267E+01
6174.333 0.24617E+01
6197.667 0.23792E+01
6221.000 0.20512E+01
6244.333 0.15798E+01
6267.667 0.10717E+01
6291.000 0.61629E+00
6291.000 0.61444E+00
6309.543 0.33323E+00
6328.086 0.13659E+00
6346.629 0.28483E-01
6346.629 0.27953E-01
6351.314 0.13425E-01
6356.000 0.40111E-02
6356.000 0.29905E-02
6362.000 -0.19046E-02
6368.000 0.26395E-03
6368.000 0.00000E+00
6369.500 0.00000E+00
6371.000 0.00000E+00
