0.000 0.00000E+00
22.620 0.00000E+00
45.240 0.00000E+00
67.861 0.00000E+00
90.481 0.00000E+00
113.101 0.00000E+00
135.721 0.00000E+00
158.341 0.00000E+00
180.962 0.00000E+00
203.582 0.00000E+00
226.202 0.00000E+00
248.822 0.00000E+00
271.442 0.00000E+00
294.063 0.00000E+00
316.683 0.00000E+00
339.303 0.00000E+00
361.923 0.00000E+00
384.543 0.00000E+00
407.164 0.00000E+00
429.784 0.00000E+00
452.404 0.00000E+00
475.024 0.00000E+00
497.644 0.00000E+00
520.265 0.00000E+00
542.885 0.00000E+00
565.505 0.00000E+00
588.125 0.00000E+00
610.745 0.00000E+00
633.366 0.00000E+00
655.986 0.00000E+00
678.606 0.00000E+00
701.226 0.00000E+00
723.846 0.00000E+00
746.467 0.00000E+00
769.087 0.00000E+00
791.707 0.00000E+00
814.327 0.00000E+00
836.947 0.00000E+00
859.568 0.00000E+00
882.188 0.00000E+00
904.808 0.00000E+00
927.428 0.00000E+00
950.048 0.00000E+00
972.669 0.00000E+00
995.289 0.00000E+00
1017.909 0.00000E+00
1040.529 0.00000E+00
1063.149 0.00000E+00
1085.770 0.00000E+00
1108.390 0.00000E+00
1131.010 0.00000E+00
1153.630 0.00000E+00
1176.250 0.00000E+00
1198.871 0.00000E+00
1221.491 0.00000E+00
1221.491 0.00000E+00
1264.103 0.00000E+00
1306.716 0.00000E+00
1349.328 0.00000E+00
1391.941 0.00000E+00
1434.554 0.00000E+00
1477.166 0.00000E+00
1519.779 0.00000E+00
1562.391 0.00000E+00
1605.004 0.00000E+00
1647.617 0.00000E+00
1690.229 0.00000E+00
1732.842 0.00000E+00
1775.454 0.00000E+00
1818.067 0.00000E+00
1860.679 0.00000E+00
1903.292 0.00000E+00
1945.905 0.00000E+00
1988.517 0.00000E+00
2031.130 0.00000E+00
2073.742 0.00000E+00
2116.355 0.00000E+00
2158.968 0.00000E+00
2201.580 0.00000E+00
2244.193 0.00000E+00
2286.805 0.00000E+00
2329.418 0.00000E+00
2372.031 0.00000E+00
2414.643 0.00000E+00
2457.256 0.00000E+00
2499.868 0.00000E+00
2542.481 0.00000E+00
2585.094 0.00000E+00
2627.706 0.00000E+00
2670.319 0.00000E+00
2712.931 0.00000E+00
2755.544 0.00000E+00
2798.156 0.00000E+00
2840.769 0.00000E+00
2883.382 0.00000E+00
2925.994 0.00000E+00
2968.607 0.00000E+00
3011.219 0.00000E+00
3053.832 0.00000E+00
3096.444 0.00000E+00
3139.057 0.00000E+00
3181.670 0.00000E+00
3224.282 0.00000E+00
3266.895 0.00000E+00
3309.508 0.00000E+00
3352.120 0.00000E+00
3394.733 0.00000E+00
3437.345 0.00000E+00
3479.958 0.00000E+00
3479.958 -0.19100E-01
3517.468 0.10981E-01
3554.979 0.69241E-01
3592.490 0.14181E+00
3630.000 0.21947E+00
3630.000 0.21947E+00
3662.833 0.28713E+00
3695.667 0.35152E+00
3728.500 0.41099E+00
3761.333 0.46457E+00
3794.167 0.51177E+00
3827.000 0.55245E+00
3859.833 0.58666E+00
3892.667 0.61457E+00
3925.500 0.63645E+00
3958.333 0.65259E+00
3991.167 0.66328E+00
4024.000 0.66881E+00
4056.833 0.66944E+00
4089.667 0.66544E+00
4122.500 0.65702E+00
4155.333 0.64441E+00
4188.167 0.62782E+00
4221.000 0.60745E+00
4253.833 0.58350E+00
4286.667 0.55623E+00
4319.500 0.52586E+00
4352.333 0.49271E+00
4385.167 0.45710E+00
4418.000 0.41942E+00
4450.833 0.38013E+00
4483.667 0.33973E+00
4516.500 0.29884E+00
4549.333 0.25812E+00
4582.167 0.21836E+00
4615.000 0.18042E+00
4647.833 0.14524E+00
4680.667 0.11390E+00
4713.500 0.87546E-01
4746.333 0.67421E-01
4779.167 0.54870E-01
4812.000 0.51319E-01
4844.833 0.58273E-01
4877.667 0.77304E-01
4910.500 0.11004E+00
4943.333 0.15816E+00
4976.167 0.22336E+00
5009.000 0.30734E+00
5041.833 0.41180E+00
5074.667 0.53839E+00
5107.500 0.68872E+00
5140.333 0.86428E+00
5173.167 0.10665E+01
5206.000 0.12965E+01
5238.833 0.15556E+01
5271.667 0.18444E+01
5304.500 0.21636E+01
5337.333 0.25136E+01
5370.167 0.28944E+01
5403.000 0.33058E+01
5435.833 0.37470E+01
5468.667 0.42169E+01
5501.500 0.47142E+01
5534.333 0.52370E+01
5567.167 0.57827E+01
5600.000 0.63487E+01
5600.000 0.63487E+01
5625.250 0.68418E+01
5650.500 0.73438E+01
5675.750 0.78516E+01
5701.000 0.83616E+01
5701.000 0.84140E+01
5724.333 0.88204E+01
5747.667 0.92211E+01
5771.000 0.96131E+01
5771.000 0.96131E+01
5796.000 0.99975E+01
5821.000 0.10350E+02
5846.000 0.10665E+02
5871.000 0.10936E+02
5896.000 0.11158E+02
5921.000 0.11325E+02
5946.000 0.11433E+02
5971.000 0.11475E+02
5971.000 0.11298E+02
5993.500 0.11303E+02
6016.000 0.11267E+02
6038.500 0.11187E+02
6061.000 0.11065E+02
6083.500 0.10899E+02
6106.000 0.10690E+02
6128.500 0.10440E+02
6151.000 0.10149E+02
6151.000 0.95566E+01
6174.333 0.91915E+01
6197.667 0.87987E+01
6221.000 0.83822E+01
6244.333 0.79466E+01
6267.667 0.74968E+01
6291.000 0.70378E+01
6291.000 0.70759E+01
6309.543 0.67057E+01
6328.086 0.63346E+01
6346.629 0.59650E+01
6346.629 0.38119E+01
6351.314 0.37366E+01
6356.000 0.36625E+01
6356.000 0.25257E+01
6362.000 0.24470E+01
6368.000 0.23740E+01
6368.000 0.00000E+00
6369.500 0.00000E+00
6371.000 0.00000E+00
