0.000 0.00000E+00
22.620 0.00000E+00
45.240 0.00000E+00
67.861 0.00000E+00
90.481 0.00000E+00
113.101 0.00000E+00
135.721 0.00000E+00
158.341 0.00000E+00
180.962 0.00000E+00
203.582 0.00000E+00
226.202 0.00000E+00
248.822 0.00000E+00
271.442 0.00000E+00
294.063 0.00000E+00
316.683 0.00000E+00
339.303 0.00000E+00
361.923 0.00000E+00
384.543 0.00000E+00
407.164 0.00000E+00
429.784 0.00000E+00
452.404 0.00000E+00
475.024 0.00000E+00
497.644 0.00000E+00
520.265 0.00000E+00
542.885 0.00000E+00
565.505 0.00000E+00
588.125 0.00000E+00
610.745 0.00000E+00
633.366 0.00000E+00
655.986 0.00000E+00
678.606 0.00000E+00
701.226 0.00000E+00
723.846 0.00000E+00
746.467 0.00000E+00
769.087 0.00000E+00
791.707 0.00000E+00
814.327 0.00000E+00
836.947 0.00000E+00
859.568 0.00000E+00
882.188 0.00000E+00
904.808 0.00000E+00
927.428 0.00000E+00
950.048 0.00000E+00
972.669 0.00000E+00
995.289 0.00000E+00
1017.909 0.00000E+00
1040.529 0.00000E+00
1063.149 0.00000E+00
1085.770 0.00000E+00
1108.390 0.00000E+00
1131.010 0.00000E+00
1153.630 0.00000E+00
1176.250 0.00000E+00
1198.871 0.00000E+00
1221.491 0.00000E+00
1221.491 0.00000E+00
1264.103 0.00000E+00
1306.716 0.00000E+00
1349.328 0.00000E+00
1391.941 0.00000E+00
1434.554 0.00000E+00
1477.166 0.00000E+00
1519.779 0.00000E+00
1562.391 0.00000E+00
1605.004 0.00000E+00
1647.617 0.00000E+00
1690.229 0.00000E+00
1732.842 0.00000E+00
1775.454 0.00000E+00
1818.067 0.00000E+00
1860.679 0.00000E+00
1903.292 0.00000E+00
1945.905 0.00000E+00
1988.517 0.00000E+00
2031.130 0.00000E+00
2073.742 0.00000E+00
2116.355 0.00000E+00
2158.968 0.00000E+00
2201.580 0.00000E+00
2244.193 0.00000E+00
2286.805 0.00000E+00
2329.418 0.00000E+00
2372.031 0.00000E+00
2414.643 0.00000E+00
2457.256 0.00000E+00
2499.868 0.00000E+00
2542.481 -0.00000E+00
2585.094 -0.00000E+00
2627.706 -0.00000E+00
2670.319 -0.00000E+00
2712.931 -0.00000E+00
2755.544 -0.00000E+00
2798.156 -0.00000E+00
2840.769 -0.00000E+00
2883.382 -0.00000E+00
2925.994 -0.00000E+00
2968.607 -0.00000E+00
3011.219 0.00000E+00
3053.832 0.00000E+00
3096.444 0.00000E+00
3139.057 0.00000E+00
3181.670 0.00000E+00
3224.282 0.00000E+00
3266.895 0.00000E+00
3309.508 -0.00000E+00
3352.120 -0.00000E+00
3394.733 -0.00000E+00
3437.345 -0.00000E+00
3479.958 -0.00000E+00
3479.958 0.30128E+01
3517.468 0.30017E+01
3554.979 0.27822E+01
3592.490 0.23689E+01
3630.000 0.18031E+01
3630.000 0.18031E+01
3662.833 0.12071E+01
3695.667 0.59092E+00
3728.500 -0.21329E-02
3761.333 -0.53625E+00
3794.167 -0.98723E+00
3827.000 -0.13439E+01
3859.833 -0.16068E+01
3892.667 -0.17851E+01
3925.500 -0.18918E+01
3958.333 -0.19397E+01
3991.167 -0.19369E+01
4024.000 -0.18857E+01
4056.833 -0.17823E+01
4089.667 -0.16186E+01
4122.500 -0.13856E+01
4155.333 -0.10761E+01
4188.167 -0.68830E+00
4221.000 -0.22716E+00
4253.833 0.29464E+00
4286.667 0.85711E+00
4319.500 0.14340E+01
4352.333 0.19944E+01
4385.167 0.25042E+01
4418.000 0.29280E+01
4450.833 0.32317E+01
4483.667 0.33849E+01
4516.500 0.33646E+01
4549.333 0.31598E+01
4582.167 0.27746E+01
4615.000 0.22317E+01
4647.833 0.15723E+01
4680.667 0.85362E+00
4713.500 0.14303E+00
4746.333 -0.49099E+00
4779.167 -0.98881E+00
4812.000 -0.13092E+01
4844.833 -0.14361E+01
4877.667 -0.13808E+01
4910.500 -0.11793E+01
4943.333 -0.88464E+00
4976.167 -0.55631E+00
5009.000 -0.24906E+00
5041.833 -0.30850E-02
5074.667 0.16173E+00
5107.500 0.24702E+00
5140.333 0.27242E+00
5173.167 0.26875E+00
5206.000 0.26950E+00
5238.833 0.30260E+00
5271.667 0.38393E+00
5304.500 0.51339E+00
5337.333 0.67390E+00
5370.167 0.83322E+00
5403.000 0.94855E+00
5435.833 0.97366E+00
5468.667 0.86837E+00
5501.500 0.60949E+00
5534.333 0.20148E+00
5567.167 -0.31586E+00
5600.000 -0.86589E+00
5600.000 -0.86590E+00
5625.250 -0.12182E+01
5650.500 -0.14769E+01
5675.750 -0.15889E+01
5701.000 -0.15082E+01
5701.000 -0.14751E+01
5724.333 -0.12240E+01
5747.667 -0.78106E+00
5771.000 -0.17973E+00
5771.000 -0.17972E+00
5796.000 0.60610E+00
5821.000 0.14337E+01
5846.000 0.21799E+01
5871.000 0.27182E+01
5896.000 0.29455E+01
5921.000 0.28095E+01
5946.000 0.23274E+01
5971.000 0.15901E+01
5971.000 0.17955E+01
5993.500 0.94983E+00
6016.000 0.15971E+00
6038.500 -0.44240E+00
6061.000 -0.77569E+00
6083.500 -0.82516E+00
6106.000 -0.63856E+00
6128.500 -0.30790E+00
6151.000 0.58397E-01
6151.000 0.10770E+00
6174.333 0.47042E+00
6197.667 0.65066E+00
6221.000 0.64290E+00
6244.333 0.50033E+00
6267.667 0.30236E+00
6291.000 0.12160E+00
6291.000 0.11984E+00
6309.543 0.20530E-01
6328.086 -0.31204E-01
6346.629 -0.35558E-01
6346.629 -0.41848E-01
6351.314 -0.37056E-01
6356.000 -0.29509E-01
6356.000 -0.27300E-01
6362.000 -0.16413E-01
6368.000 -0.18289E-02
6368.000 0.00000E+00
6369.500 0.00000E+00
6371.000 0.00000E+00
