0.000 0.00000E+00
22.620 0.00000E+00
45.240 0.00000E+00
67.861 0.00000E+00
90.481 0.00000E+00
113.101 0.00000E+00
135.721 0.00000E+00
158.341 0.00000E+00
180.962 0.00000E+00
203.582 0.00000E+00
226.202 0.00000E+00
248.822 0.00000E+00
271.442 0.00000E+00
294.063 0.00000E+00
316.683 0.00000E+00
339.303 0.00000E+00
361.923 0.00000E+00
384.543 0.00000E+00
407.164 0.00000E+00
429.784 0.00000E+00
452.404 0.00000E+00
475.024 0.00000E+00
497.644 0.00000E+00
520.265 0.00000E+00
542.885 0.00000E+00
565.505 0.00000E+00
588.125 0.00000E+00
610.745 0.00000E+00
633.366 0.00000E+00
655.986 0.00000E+00
678.606 0.00000E+00
701.226 0.00000E+00
723.846 0.00000E+00
746.467 0.00000E+00
769.087 0.00000E+00
791.707 0.00000E+00
814.327 0.00000E+00
836.947 0.00000E+00
859.568 0.00000E+00
882.188 0.00000E+00
904.808 0.00000E+00
927.428 0.00000E+00
950.048 0.00000E+00
972.669 0.00000E+00
995.289 0.00000E+00
1017.909 0.00000E+00
1040.529 0.00000E+00
1063.149 0.00000E+00
1085.770 0.00000E+00
1108.390 0.00000E+00
1131.010 0.00000E+00
1153.630 0.00000E+00
1176.250 0.00000E+00
1198.871 0.00000E+00
1221.491 0.95924E-05
1221.491 0.00000E+00
1264.103 0.00000E+00
1306.716 0.00000E+00
1349.328 0.00000E+00
1391.941 0.00000E+00
1434.554 0.00000E+00
1477.166 0.00000E+00
1519.779 0.00000E+00
1562.391 0.00000E+00
1605.004 0.00000E+00
1647.617 0.00000E+00
1690.229 0.00000E+00
1732.842 0.00000E+00
1775.454 0.00000E+00
1818.067 0.00000E+00
1860.679 0.00000E+00
1903.292 0.00000E+00
1945.905 0.00000E+00
1988.517 0.00000E+00
2031.130 0.00000E+00
2073.742 0.00000E+00
2116.355 0.00000E+00
2158.968 0.00000E+00
2201.580 0.00000E+00
2244.193 0.00000E+00
2286.805 0.00000E+00
2329.418 0.00000E+00
2372.031 0.00000E+00
2414.643 0.00000E+00
2457.256 0.00000E+00
2499.868 0.00000E+00
2542.481 0.00000E+00
2585.094 0.00000E+00
2627.706 -0.00000E+00
2670.319 -0.00000E+00
2712.931 -0.00000E+00
2755.544 -0.00000E+00
2798.156 -0.00000E+00
2840.769 -0.00000E+00
2883.382 -0.00000E+00
2925.994 -0.00000E+00
2968.607 -0.00000E+00
3011.219 -0.00000E+00
3053.832 -0.00000E+00
3096.444 -0.00000E+00
3139.057 -0.00000E+00
3181.670 -0.00000E+00
3224.282 0.00000E+00
3266.895 0.00000E+00
3309.508 0.00000E+00
3352.120 0.00000E+00
3394.733 0.00000E+00
3437.345 0.00000E+00
3479.958 0.00000E+00
3479.958 0.54657E+01
3517.468 0.63144E+01
3554.979 0.69136E+01
3592.490 0.72052E+01
3630.000 0.71645E+01
3630.000 0.71645E+01
3662.833 0.68427E+01
3695.667 0.63095E+01
3728.500 0.56141E+01
3761.333 0.48182E+01
3794.167 0.39900E+01
3827.000 0.31958E+01
3859.833 0.24938E+01
3892.667 0.19274E+01
3925.500 0.15216E+01
3958.333 0.12809E+01
3991.167 0.11905E+01
4024.000 0.12191E+01
4056.833 0.13246E+01
4089.667 0.14601E+01
4122.500 0.15807E+01
4155.333 0.16497E+01
4188.167 0.16430E+01
4221.000 0.15518E+01
4253.833 0.13830E+01
4286.667 0.11567E+01
4319.500 0.90316E+00
4352.333 0.65719E+00
4385.167 0.45318E+00
4418.000 0.32012E+00
4450.833 0.27800E+00
4483.667 0.33581E+00
4516.500 0.49143E+00
4549.333 0.73307E+00
4582.167 0.10421E+01
4615.000 0.13964E+01
4647.833 0.17734E+01
4680.667 0.21529E+01
4713.500 0.25183E+01
4746.333 0.28566E+01
4779.167 0.31576E+01
4812.000 0.34124E+01
4844.833 0.36115E+01
4877.667 0.37441E+01
4910.500 0.37980E+01
4943.333 0.37618E+01
4976.167 0.36268E+01
5009.000 0.33912E+01
5041.833 0.30635E+01
5074.667 0.26646E+01
5107.500 0.22287E+01
5140.333 0.18012E+01
5173.167 0.14339E+01
5206.000 0.11781E+01
5238.833 0.10760E+01
5271.667 0.11534E+01
5304.500 0.14118E+01
5337.333 0.18267E+01
5370.167 0.23475E+01
5403.000 0.29043E+01
5435.833 0.34170E+01
5468.667 0.38085E+01
5501.500 0.40174E+01
5534.333 0.40093E+01
5567.167 0.37839E+01
5600.000 0.33758E+01
5600.000 0.33758E+01
5625.250 0.29978E+01
5650.500 0.25619E+01
5675.750 0.21147E+01
5701.000 0.17063E+01
5701.000 0.16526E+01
5724.333 0.13387E+01
5747.667 0.11490E+01
5771.000 0.10909E+01
5771.000 0.10909E+01
5796.000 0.11671E+01
5821.000 0.13725E+01
5846.000 0.16583E+01
5871.000 0.19595E+01
5896.000 0.22068E+01
5921.000 0.23413E+01
5946.000 0.23300E+01
5971.000 0.21765E+01
5971.000 0.23604E+01
5993.500 0.20656E+01
6016.000 0.17674E+01
6038.500 0.15443E+01
6061.000 0.14615E+01
6083.500 0.15566E+01
6106.000 0.18288E+01
6128.500 0.22366E+01
6151.000 0.27032E+01
6151.000 0.29895E+01
6174.333 0.34509E+01
6197.667 0.37085E+01
6221.000 0.36642E+01
6244.333 0.32857E+01
6267.667 0.26229E+01
6291.000 0.18042E+01
6291.000 0.17248E+01
6309.543 0.11147E+01
6328.086 0.62305E+00
6346.629 0.33846E+00
6346.629 0.26395E+00
6351.314 0.21222E+00
6356.000 0.18218E+00
6356.000 0.17435E+00
6362.000 0.13005E+00
6368.000 0.14040E+00
6368.000 0.00000E+00
6369.500 0.00000E+00
6371.000 0.00000E+00
