0.000 0.00000E+00
22.620 0.00000E+00
45.240 0.00000E+00
67.861 0.00000E+00
90.481 0.00000E+00
113.101 0.00000E+00
135.721 0.00000E+00
158.341 0.00000E+00
180.962 0.00000E+00
203.582 0.00000E+00
226.202 0.00000E+00
248.822 0.00000E+00
271.442 0.00000E+00
294.063 0.00000E+00
316.683 0.00000E+00
339.303 0.00000E+00
361.923 0.00000E+00
384.543 0.00000E+00
407.164 0.00000E+00
429.784 0.00000E+00
452.404 0.00000E+00
475.024 0.00000E+00
497.644 0.00000E+00
520.265 0.00000E+00
542.885 0.00000E+00
565.505 0.00000E+00
588.125 0.00000E+00
610.745 0.00000E+00
633.366 0.00000E+00
655.986 0.00000E+00
678.606 0.00000E+00
701.226 0.00000E+00
723.846 0.00000E+00
746.467 0.00000E+00
769.087 0.00000E+00
791.707 0.00000E+00
814.327 0.00000E+00
836.947 0.00000E+00
859.568 0.00000E+00
882.188 0.00000E+00
904.808 0.00000E+00
927.428 0.00000E+00
950.048 0.00000E+00
972.669 0.00000E+00
995.289 0.00000E+00
1017.909 0.00000E+00
1040.529 0.00000E+00
1063.149 0.00000E+00
1085.770 0.00000E+00
1108.390 0.00000E+00
1131.010 0.00000E+00
1153.630 0.00000E+00
1176.250 0.00000E+00
1198.871 0.00000E+00
1221.491 0.00000E+00
1221.491 0.00000E+00
1264.103 0.00000E+00
1306.716 0.00000E+00
1349.328 0.00000E+00
1391.941 0.00000E+00
1434.554 0.00000E+00
1477.166 0.00000E+00
1519.779 0.00000E+00
1562.391 0.00000E+00
1605.004 0.00000E+00
1647.617 0.00000E+00
1690.229 0.00000E+00
1732.842 0.00000E+00
1775.454 0.00000E+00
1818.067 0.00000E+00
1860.679 0.00000E+00
1903.292 0.00000E+00
1945.905 0.00000E+00
1988.517 0.00000E+00
2031.130 0.00000E+00
2073.742 0.00000E+00
2116.355 0.00000E+00
2158.968 0.00000E+00
2201.580 0.00000E+00
2244.193 0.00000E+00
2286.805 0.00000E+00
2329.418 0.00000E+00
2372.031 0.00000E+00
2414.643 0.00000E+00
2457.256 0.00000E+00
2499.868 0.00000E+00
2542.481 0.00000E+00
2585.094 0.00000E+00
2627.706 0.00000E+00
2670.319 0.00000E+00
2712.931 0.00000E+00
2755.544 0.00000E+00
2798.156 0.00000E+00
2840.769 0.00000E+00
2883.382 0.00000E+00
2925.994 0.00000E+00
2968.607 0.00000E+00
3011.219 0.00000E+00
3053.832 0.00000E+00
3096.444 0.00000E+00
3139.057 0.00000E+00
3181.670 0.00000E+00
3224.282 0.00000E+00
3266.895 0.00000E+00
3309.508 0.00000E+00
3352.120 0.00000E+00
3394.733 0.00000E+00
3437.345 0.00000E+00
3479.958 0.00000E+00
3479.958 0.14602E+01
3517.468 0.70946E+00
3554.979 0.84624E+00
3592.490 0.14647E+01
3630.000 0.23021E+01
3630.000 0.23021E+01
3662.833 0.30904E+01
3695.667 0.38544E+01
3728.500 0.45517E+01
3761.333 0.51591E+01
3794.167 0.56667E+01
3827.000 0.60734E+01
3859.833 0.63834E+01
3892.667 0.66045E+01
3925.500 0.67460E+01
3958.333 0.68181E+01
3991.167 0.68309E+01
4024.000 0.67941E+01
4056.833 0.67168E+01
4089.667 0.66073E+01
4122.500 0.64728E+01
4155.333 0.63198E+01
4188.167 0.61540E+01
4221.000 0.59802E+01
4253.833 0.58024E+01
4286.667 0.56240E+01
4319.500 0.54480E+01
4352.333 0.52765E+01
4385.167 0.51115E+01
4418.000 0.49543E+01
4450.833 0.48059E+01
4483.667 0.46671E+01
4516.500 0.45384E+01
4549.333 0.44200E+01
4582.167 0.43118E+01
4615.000 0.42137E+01
4647.833 0.41253E+01
4680.667 0.40463E+01
4713.500 0.39759E+01
4746.333 0.39135E+01
4779.167 0.38583E+01
4812.000 0.38095E+01
4844.833 0.37661E+01
4877.667 0.37271E+01
4910.500 0.36915E+01
4943.333 0.36584E+01
4976.167 0.36266E+01
5009.000 0.35951E+01
5041.833 0.35628E+01
5074.667 0.35287E+01
5107.500 0.34919E+01
5140.333 0.34513E+01
5173.167 0.34061E+01
5206.000 0.33553E+01
5238.833 0.32983E+01
5271.667 0.32344E+01
5304.500 0.31630E+01
5337.333 0.30836E+01
5370.167 0.29959E+01
5403.000 0.28996E+01
5435.833 0.27948E+01
5468.667 0.26814E+01
5501.500 0.25596E+01
5534.333 0.24300E+01
5567.167 0.22929E+01
5600.000 0.21491E+01
5600.000 0.21491E+01
5625.250 0.20199E+01
5650.500 0.18889E+01
5675.750 0.17564E+01
5701.000 0.16227E+01
5701.000 0.15363E+01
5724.333 0.14338E+01
5747.667 0.13272E+01
5771.000 0.12174E+01
5771.000 0.12174E+01
5796.000 0.10930E+01
5821.000 0.96870E+00
5846.000 0.84552E+00
5871.000 0.72454E+00
5896.000 0.60687E+00
5921.000 0.49367E+00
5946.000 0.38613E+00
5971.000 0.28539E+00
5971.000 0.28092E+00
5993.500 0.20012E+00
6016.000 0.12505E+00
6038.500 0.56673E-01
6061.000 -0.40995E-02
6083.500 -0.56439E-01
6106.000 -0.99596E-01
6128.500 -0.13291E+00
6151.000 -0.15583E+00
6151.000 -0.16892E+00
6174.333 -0.18073E+00
6197.667 -0.18008E+00
6221.000 -0.16697E+00
6244.333 -0.14158E+00
6267.667 -0.10425E+00
6291.000 -0.55492E-01
6291.000 -0.63167E-01
6309.543 -0.16589E-01
6328.086 0.36494E-01
6346.629 0.95651E-01
6346.629 0.31116E-01
6351.314 0.45154E-01
6356.000 0.59603E-01
6356.000 0.42035E-01
6362.000 0.57411E-01
6368.000 0.73355E-01
6368.000 0.00000E+00
6369.500 0.00000E+00
6371.000 0.00000E+00
