0.000 0.00000E+00
22.620 0.00000E+00
45.240 0.00000E+00
67.861 0.00000E+00
90.481 0.00000E+00
113.101 0.00000E+00
135.721 0.00000E+00
158.341 0.00000E+00
180.962 0.00000E+00
203.582 0.00000E+00
226.202 0.00000E+00
248.822 0.00000E+00
271.442 0.00000E+00
294.063 0.00000E+00
316.683 0.00000E+00
339.303 0.00000E+00
361.923 0.00000E+00
384.543 0.00000E+00
407.164 0.00000E+00
429.784 0.00000E+00
452.404 0.00000E+00
475.024 0.00000E+00
497.644 0.00000E+00
520.265 0.00000E+00
542.885 0.00000E+00
565.505 0.00000E+00
588.125 0.00000E+00
610.745 0.00000E+00
633.366 0.00000E+00
655.986 0.00000E+00
678.606 0.00000E+00
701.226 0.00000E+00
723.846 0.00000E+00
746.467 0.00000E+00
769.087 0.00000E+00
791.707 0.00000E+00
814.327 0.00000E+00
836.947 0.00000E+00
859.568 0.00000E+00
882.188 0.00000E+00
904.808 0.00000E+00
927.428 0.00000E+00
950.048 0.00000E+00
972.669 0.00000E+00
995.289 0.00000E+00
1017.909 0.00000E+00
1040.529 0.00000E+00
1063.149 0.00000E+00
1085.770 0.00000E+00
1108.390 0.00000E+00
1131.010 0.00000E+00
1153.630 0.00000E+00
1176.250 0.00000E+00
1198.871 0.21215E-03
1221.491 0.26404E-03
1221.491 0.00000E+00
1264.103 0.00000E+00
1306.716 0.00000E+00
1349.328 0.00000E+00
1391.941 0.00000E+00
1434.554 0.00000E+00
1477.166 0.00000E+00
1519.779 0.00000E+00
1562.391 0.00000E+00
1605.004 0.00000E+00
1647.617 0.00000E+00
1690.229 0.00000E+00
1732.842 0.00000E+00
1775.454 0.00000E+00
1818.067 0.00000E+00
1860.679 0.00000E+00
1903.292 0.00000E+00
1945.905 0.00000E+00
1988.517 0.00000E+00
2031.130 0.00000E+00
2073.742 0.00000E+00
2116.355 0.00000E+00
2158.968 0.00000E+00
2201.580 0.00000E+00
2244.193 0.00000E+00
2286.805 0.00000E+00
2329.418 0.00000E+00
2372.031 0.00000E+00
2414.643 0.00000E+00
2457.256 -0.00000E+00
2499.868 -0.00000E+00
2542.481 -0.00000E+00
2585.094 -0.00000E+00
2627.706 -0.00000E+00
2670.319 -0.00000E+00
2712.931 -0.00000E+00
2755.544 -0.00000E+00
2798.156 -0.00000E+00
2840.769 -0.00000E+00
2883.382 -0.00000E+00
2925.994 -0.00000E+00
2968.607 -0.00000E+00
3011.219 -0.00000E+00
3053.832 -0.00000E+00
3096.444 -0.00000E+00
3139.057 -0.00000E+00
3181.670 -0.00000E+00
3224.282 -0.00000E+00
3266.895 0.00000E+00
3309.508 0.00000E+00
3352.120 0.00000E+00
3394.733 0.00000E+00
3437.345 0.00000E+00
3479.958 0.00000E+00
3479.958 0.50399E+01
3517.468 0.47488E+01
3554.979 0.43760E+01
3592.490 0.39401E+01
3630.000 0.34618E+01
3630.000 0.34618E+01
3662.833 0.30095E+01
3695.667 0.25603E+01
3728.500 0.21281E+01
3761.333 0.17253E+01
3794.167 0.13621E+01
3827.000 0.10462E+01
3859.833 0.78262E+00
3892.667 0.57317E+00
3925.500 0.41694E+00
3958.333 0.31029E+00
3991.167 0.24726E+00
4024.000 0.22006E+00
4056.833 0.21961E+00
4089.667 0.23620E+00
4122.500 0.26008E+00
4155.333 0.28211E+00
4188.167 0.29427E+00
4221.000 0.29011E+00
4253.833 0.26509E+00
4286.667 0.21677E+00
4319.500 0.14481E+00
4352.333 0.50955E-01
4385.167 -0.61256E-01
4418.000 -0.18674E+00
4450.833 -0.31928E+00
4483.667 -0.45195E+00
4516.500 -0.57750E+00
4549.333 -0.68879E+00
4582.167 -0.77911E+00
4615.000 -0.84246E+00
4647.833 -0.87370E+00
4680.667 -0.86867E+00
4713.500 -0.82424E+00
4746.333 -0.73817E+00
4779.167 -0.60916E+00
4812.000 -0.43664E+00
4844.833 -0.22081E+00
4877.667 0.37486E-01
4910.500 0.33664E+00
4943.333 0.67421E+00
4976.167 0.10467E+01
5009.000 0.14495E+01
5041.833 0.18763E+01
5074.667 0.23192E+01
5107.500 0.27681E+01
5140.333 0.32110E+01
5173.167 0.36340E+01
5206.000 0.40214E+01
5238.833 0.43562E+01
5271.667 0.46210E+01
5304.500 0.47989E+01
5337.333 0.48746E+01
5370.167 0.48355E+01
5403.000 0.46736E+01
5435.833 0.43860E+01
5468.667 0.39763E+01
5501.500 0.34556E+01
5534.333 0.28424E+01
5567.167 0.21626E+01
5600.000 0.14485E+01
5600.000 0.14485E+01
5625.250 0.95490E+00
5650.500 0.46811E+00
5675.750 0.76867E-02
5701.000 -0.40497E+00
5701.000 -0.22274E+00
5724.333 -0.63660E+00
5747.667 -0.95737E+00
5771.000 -0.11679E+01
5771.000 -0.11679E+01
5796.000 -0.12686E+01
5821.000 -0.12147E+01
5846.000 -0.99136E+00
5871.000 -0.59231E+00
5896.000 -0.21481E-01
5921.000 0.70534E+00
5946.000 0.15598E+01
5971.000 0.25011E+01
5971.000 0.29409E+01
5993.500 0.37615E+01
6016.000 0.45081E+01
6038.500 0.51393E+01
6061.000 0.56199E+01
6083.500 0.59237E+01
6106.000 0.60351E+01
6128.500 0.59504E+01
6151.000 0.56779E+01
6151.000 0.64558E+01
6174.333 0.59074E+01
6197.667 0.51656E+01
6221.000 0.42949E+01
6244.333 0.33678E+01
6267.667 0.24589E+01
6291.000 0.16380E+01
6291.000 0.16049E+01
6309.543 0.10725E+01
6328.086 0.65122E+00
6346.629 0.35578E+00
6346.629 0.32038E+00
6351.314 0.26041E+00
6356.000 0.20969E+00
6356.000 0.17951E+00
6362.000 0.12226E+00
6368.000 0.86065E-01
6368.000 0.00000E+00
6369.500 0.00000E+00
6371.000 0.00000E+00
