0.000 0.00000E+00
22.620 0.00000E+00
45.240 0.00000E+00
67.861 0.00000E+00
90.481 0.00000E+00
113.101 0.00000E+00
135.721 0.00000E+00
158.341 0.00000E+00
180.962 0.00000E+00
203.582 0.00000E+00
226.202 0.00000E+00
248.822 0.00000E+00
271.442 0.00000E+00
294.063 0.00000E+00
316.683 0.00000E+00
339.303 0.00000E+00
361.923 0.00000E+00
384.543 0.00000E+00
407.164 0.00000E+00
429.784 0.00000E+00
452.404 0.00000E+00
475.024 0.00000E+00
497.644 0.00000E+00
520.265 0.00000E+00
542.885 0.00000E+00
565.505 0.00000E+00
588.125 0.00000E+00
610.745 0.00000E+00
633.366 0.00000E+00
655.986 0.00000E+00
678.606 0.00000E+00
701.226 0.00000E+00
723.846 0.00000E+00
746.467 0.00000E+00
769.087 0.00000E+00
791.707 0.00000E+00
814.327 0.00000E+00
836.947 0.00000E+00
859.568 0.00000E+00
882.188 0.00000E+00
904.808 0.00000E+00
927.428 0.00000E+00
950.048 0.00000E+00
972.669 0.00000E+00
995.289 0.00000E+00
1017.909 0.00000E+00
1040.529 0.00000E+00
1063.149 0.00000E+00
1085.770 0.00000E+00
1108.390 0.00000E+00
1131.010 0.00000E+00
1153.630 0.00000E+00
1176.250 0.57693E-04
1198.871 0.10915E-04
1221.491 0.25171E-05
1221.491 0.00000E+00
1264.103 0.00000E+00
1306.716 0.00000E+00
1349.328 0.00000E+00
1391.941 0.00000E+00
1434.554 0.00000E+00
1477.166 0.00000E+00
1519.779 0.00000E+00
1562.391 0.00000E+00
1605.004 0.00000E+00
1647.617 0.00000E+00
1690.229 0.00000E+00
1732.842 0.00000E+00
1775.454 0.00000E+00
1818.067 0.00000E+00
1860.679 0.00000E+00
1903.292 0.00000E+00
1945.905 0.00000E+00
1988.517 0.00000E+00
2031.130 0.00000E+00
2073.742 0.00000E+00
2116.355 0.00000E+00
2158.968 0.00000E+00
2201.580 0.00000E+00
2244.193 -0.00000E+00
2286.805 -0.00000E+00
2329.418 -0.00000E+00
2372.031 -0.00000E+00
2414.643 -0.00000E+00
2457.256 -0.00000E+00
2499.868 -0.00000E+00
2542.481 -0.00000E+00
2585.094 -0.00000E+00
2627.706 -0.00000E+00
2670.319 -0.00000E+00
2712.931 0.00000E+00
2755.544 0.00000E+00
2798.156 0.00000E+00
2840.769 0.00000E+00
2883.382 0.00000E+00
2925.994 0.00000E+00
2968.607 0.00000E+00
3011.219 0.00000E+00
3053.832 0.00000E+00
3096.444 -0.00000E+00
3139.057 -0.00000E+00
3181.670 -0.00000E+00
3224.282 -0.00000E+00
3266.895 -0.00000E+00
3309.508 -0.00000E+00
3352.120 0.00000E+00
3394.733 0.00000E+00
3437.345 0.00000E+00
3479.958 0.00000E+00
3479.958 0.27912E-02
3517.468 0.10163E+00
3554.979 0.33807E+00
3592.490 0.65847E+00
3630.000 0.99442E+00
3630.000 0.99442E+00
3662.833 0.12494E+01
3695.667 0.14340E+01
3728.500 0.15311E+01
3761.333 0.15398E+01
3794.167 0.14718E+01
3827.000 0.13472E+01
3859.833 0.11885E+01
3892.667 0.10164E+01
3925.500 0.84836E+00
3958.333 0.69827E+00
3991.167 0.57911E+00
4024.000 0.50505E+00
4056.833 0.49265E+00
4089.667 0.55951E+00
4122.500 0.72037E+00
4155.333 0.98142E+00
4188.167 0.13344E+01
4221.000 0.17527E+01
4253.833 0.21917E+01
4286.667 0.25936E+01
4319.500 0.28967E+01
4352.333 0.30478E+01
4385.167 0.30144E+01
4418.000 0.27927E+01
4450.833 0.24106E+01
4483.667 0.19233E+01
4516.500 0.14025E+01
4549.333 0.92171E+00
4582.167 0.54118E+00
4615.000 0.29683E+00
4647.833 0.19521E+00
4680.667 0.21588E+00
4713.500 0.32019E+00
4746.333 0.46321E+00
4779.167 0.60530E+00
4812.000 0.71965E+00
4844.833 0.79414E+00
4877.667 0.82766E+00
4910.500 0.82333E+00
4943.333 0.78225E+00
4976.167 0.70108E+00
5009.000 0.57526E+00
5041.833 0.40716E+00
5074.667 0.21566E+00
5107.500 0.42403E-01
5140.333 -0.50095E-01
5173.167 0.93621E-02
5206.000 0.27936E+00
5238.833 0.78113E+00
5271.667 0.14785E+01
5304.500 0.22714E+01
5337.333 0.30087E+01
5370.167 0.35201E+01
5403.000 0.36616E+01
5435.833 0.33611E+01
5468.667 0.26505E+01
5501.500 0.16713E+01
5534.333 0.64756E+00
5567.167 -0.16834E+00
5600.000 -0.56491E+00
5600.000 -0.56491E+00
5625.250 -0.49630E+00
5650.500 -0.10550E+00
5675.750 0.55940E+00
5701.000 0.13958E+01
5701.000 0.19234E+01
5724.333 0.27624E+01
5747.667 0.33814E+01
5771.000 0.36747E+01
5771.000 0.36747E+01
5796.000 0.36766E+01
5821.000 0.32682E+01
5846.000 0.25537E+01
5871.000 0.17156E+01
5896.000 0.96747E+00
5921.000 0.49392E+00
5946.000 0.39272E+00
5971.000 0.64124E+00
5971.000 0.70182E+00
5993.500 0.11236E+01
6016.000 0.15193E+01
6038.500 0.17536E+01
6061.000 0.17634E+01
6083.500 0.15750E+01
6106.000 0.12908E+01
6128.500 0.10485E+01
6151.000 0.96718E+00
6151.000 0.10112E+01
6174.333 0.11425E+01
6197.667 0.14692E+01
6221.000 0.18299E+01
6244.333 0.20210E+01
6267.667 0.18942E+01
6291.000 0.14371E+01
6291.000 0.13752E+01
6309.543 0.89254E+00
6328.086 0.43323E+00
6346.629 0.13943E+00
6346.629 0.13960E+00
6351.314 0.85065E-01
6356.000 0.53414E-01
6356.000 0.85705E-01
6362.000 0.39747E-01
6368.000 0.53168E-01
6368.000 0.00000E+00
6369.500 0.00000E+00
6371.000 0.00000E+00
