0.000 0.00000E+00
22.620 0.00000E+00
45.240 0.00000E+00
67.861 0.00000E+00
90.481 0.00000E+00
113.101 0.00000E+00
135.721 0.00000E+00
158.341 0.00000E+00
180.962 0.00000E+00
203.582 0.00000E+00
226.202 0.00000E+00
248.822 0.00000E+00
271.442 0.00000E+00
294.063 0.00000E+00
316.683 0.00000E+00
339.303 0.00000E+00
361.923 0.00000E+00
384.543 0.00000E+00
407.164 0.00000E+00
429.784 0.00000E+00
452.404 0.00000E+00
475.024 0.00000E+00
497.644 0.00000E+00
520.265 0.00000E+00
542.885 0.00000E+00
565.505 0.00000E+00
588.125 0.00000E+00
610.745 0.00000E+00
633.366 0.00000E+00
655.986 0.00000E+00
678.606 0.00000E+00
701.226 0.00000E+00
723.846 0.00000E+00
746.467 0.00000E+00
769.087 0.00000E+00
791.707 0.00000E+00
814.327 0.00000E+00
836.947 0.00000E+00
859.568 0.00000E+00
882.188 0.00000E+00
904.808 0.00000E+00
927.428 0.00000E+00
950.048 0.00000E+00
972.669 0.00000E+00
995.289 0.00000E+00
1017.909 0.00000E+00
1040.529 0.00000E+00
1063.149 0.00000E+00
1085.770 0.00000E+00
1108.390 0.00000E+00
1131.010 0.00000E+00
1153.630 0.00000E+00
1176.250 0.00000E+00
1198.871 0.00000E+00
1221.491 0.00000E+00
1221.491 0.00000E+00
1264.103 0.00000E+00
1306.716 0.00000E+00
1349.328 0.00000E+00
1391.941 0.00000E+00
1434.554 0.00000E+00
1477.166 0.00000E+00
1519.779 0.00000E+00
1562.391 0.00000E+00
1605.004 0.00000E+00
1647.617 0.00000E+00
1690.229 0.00000E+00
1732.842 0.00000E+00
1775.454 0.00000E+00
1818.067 0.00000E+00
1860.679 0.00000E+00
1903.292 0.00000E+00
1945.905 0.00000E+00
1988.517 0.00000E+00
2031.130 0.00000E+00
2073.742 0.00000E+00
2116.355 0.00000E+00
2158.968 0.00000E+00
2201.580 0.00000E+00
2244.193 0.00000E+00
2286.805 0.00000E+00
2329.418 0.00000E+00
2372.031 0.00000E+00
2414.643 0.00000E+00
2457.256 0.00000E+00
2499.868 0.00000E+00
2542.481 0.00000E+00
2585.094 0.00000E+00
2627.706 0.00000E+00
2670.319 0.00000E+00
2712.931 0.00000E+00
2755.544 0.00000E+00
2798.156 0.00000E+00
2840.769 0.00000E+00
2883.382 0.00000E+00
2925.994 0.00000E+00
2968.607 0.00000E+00
3011.219 0.00000E+00
3053.832 0.00000E+00
3096.444 0.00000E+00
3139.057 0.00000E+00
3181.670 0.00000E+00
3224.282 0.00000E+00
3266.895 0.00000E+00
3309.508 0.00000E+00
3352.120 0.00000E+00
3394.733 0.00000E+00
3437.345 0.00000E+00
3479.958 0.00000E+00
3479.958 0.18763E-08
3517.468 0.13680E-07
3554.979 0.33082E-07
3592.490 0.37782E-07
3630.000 0.12551E-06
3630.000 0.12551E-06
3662.833 0.23084E-06
3695.667 0.36178E-06
3728.500 0.55518E-06
3761.333 0.84292E-06
3794.167 0.12708E-05
3827.000 0.19055E-05
3859.833 0.28438E-05
3892.667 0.42251E-05
3925.500 0.62497E-05
3958.333 0.92033E-05
3991.167 0.13492E-04
4024.000 0.19691E-04
4056.833 0.28609E-04
4089.667 0.41380E-04
4122.500 0.59583E-04
4155.333 0.85413E-04
4188.167 0.12190E-03
4221.000 0.17320E-03
4253.833 0.24501E-03
4286.667 0.34509E-03
4319.500 0.48393E-03
4352.333 0.67569E-03
4385.167 0.93937E-03
4418.000 0.13003E-02
4450.833 0.17923E-02
4483.667 0.24598E-02
4516.500 0.33616E-02
4549.333 0.45743E-02
4582.167 0.61980E-02
4615.000 0.83621E-02
4647.833 0.11234E-01
4680.667 0.15027E-01
4713.500 0.20014E-01
4746.333 0.26542E-01
4779.167 0.35046E-01
4812.000 0.46073E-01
4844.833 0.60303E-01
4877.667 0.78579E-01
4910.500 0.10193E+00
4943.333 0.13163E+00
4976.167 0.16921E+00
5009.000 0.21649E+00
5041.833 0.27568E+00
5074.667 0.34937E+00
5107.500 0.44059E+00
5140.333 0.55284E+00
5173.167 0.69013E+00
5206.000 0.85698E+00
5238.833 0.10584E+01
5271.667 0.12999E+01
5304.500 0.15873E+01
5337.333 0.19265E+01
5370.167 0.23237E+01
5403.000 0.27844E+01
5435.833 0.33136E+01
5468.667 0.39148E+01
5501.500 0.45895E+01
5534.333 0.53364E+01
5567.167 0.61502E+01
5600.000 0.70207E+01
5600.000 0.70207E+01
5625.250 0.77681E+01
5650.500 0.85422E+01
5675.750 0.93300E+01
5701.000 0.10115E+02
5701.000 0.11371E+02
5724.333 0.12184E+02
5747.667 0.12985E+02
5771.000 0.13739E+02
5771.000 0.13739E+02
5796.000 0.14642E+02
5821.000 0.15459E+02
5846.000 0.16158E+02
5871.000 0.16702E+02
5896.000 0.17058E+02
5921.000 0.17190E+02
5946.000 0.17069E+02
5971.000 0.16670E+02
5971.000 0.17765E+02
5993.500 0.17083E+02
6016.000 0.16120E+02
6038.500 0.14879E+02
6061.000 0.13375E+02
6083.500 0.11643E+02
6106.000 0.97348E+01
6128.500 0.77229E+01
6151.000 0.56993E+01
6151.000 0.65524E+01
6174.333 0.45265E+01
6197.667 0.27191E+01
6221.000 0.13025E+01
6244.333 0.46945E+00
6267.667 0.43350E+00
6291.000 0.14305E+01
6291.000 0.12479E+01
6309.543 0.29684E+01
6328.086 0.56777E+01
6346.629 0.95479E+01
6346.629 0.48758E+01
6351.314 0.57528E+01
6356.000 0.66864E+01
6356.000 0.44432E+01
6362.000 0.54045E+01
6368.000 0.64209E+01
6368.000 0.00000E+00
6369.500 0.00000E+00
6371.000 0.00000E+00
