0.000 0.00000E+00
22.620 0.00000E+00
45.240 0.00000E+00
67.861 0.00000E+00
90.481 0.00000E+00
113.101 0.00000E+00
135.721 0.00000E+00
158.341 0.00000E+00
180.962 0.00000E+00
203.582 0.00000E+00
226.202 0.00000E+00
248.822 0.00000E+00
271.442 0.00000E+00
294.063 0.00000E+00
316.683 0.00000E+00
339.303 0.00000E+00
361.923 0.00000E+00
384.543 0.00000E+00
407.164 0.00000E+00
429.784 0.00000E+00
452.404 0.00000E+00
475.024 0.00000E+00
497.644 0.00000E+00
520.265 0.00000E+00
542.885 0.00000E+00
565.505 0.00000E+00
588.125 0.00000E+00
610.745 0.00000E+00
633.366 0.00000E+00
655.986 0.00000E+00
678.606 0.00000E+00
701.226 0.00000E+00
723.846 0.00000E+00
746.467 0.00000E+00
769.087 0.00000E+00
791.707 0.00000E+00
814.327 0.00000E+00
836.947 0.00000E+00
859.568 0.00000E+00
882.188 0.00000E+00
904.808 0.00000E+00
927.428 0.00000E+00
950.048 0.00000E+00
972.669 0.00000E+00
995.289 0.00000E+00
1017.909 0.00000E+00
1040.529 0.00000E+00
1063.149 0.00000E+00
1085.770 0.00000E+00
1108.390 0.00000E+00
1131.010 0.00000E+00
1153.630 0.00000E+00
1176.250 0.00000E+00
1198.871 0.00000E+00
1221.491 0.00000E+00
1221.491 0.00000E+00
1264.103 0.00000E+00
1306.716 0.00000E+00
1349.328 0.00000E+00
1391.941 0.00000E+00
1434.554 0.00000E+00
1477.166 0.00000E+00
1519.779 0.00000E+00
1562.391 0.00000E+00
1605.004 0.00000E+00
1647.617 0.00000E+00
1690.229 0.00000E+00
1732.842 0.00000E+00
1775.454 0.00000E+00
1818.067 0.00000E+00
1860.679 0.00000E+00
1903.292 0.00000E+00
1945.905 0.00000E+00
1988.517 0.00000E+00
2031.130 0.00000E+00
2073.742 0.00000E+00
2116.355 0.00000E+00
2158.968 0.00000E+00
2201.580 0.00000E+00
2244.193 0.00000E+00
2286.805 0.00000E+00
2329.418 0.00000E+00
2372.031 0.00000E+00
2414.643 0.00000E+00
2457.256 0.00000E+00
2499.868 0.00000E+00
2542.481 0.00000E+00
2585.094 0.00000E+00
2627.706 0.00000E+00
2670.319 0.00000E+00
2712.931 0.00000E+00
2755.544 0.00000E+00
2798.156 0.00000E+00
2840.769 0.00000E+00
2883.382 0.00000E+00
2925.994 0.00000E+00
2968.607 0.00000E+00
3011.219 0.00000E+00
3053.832 0.00000E+00
3096.444 0.00000E+00
3139.057 0.00000E+00
3181.670 0.00000E+00
3224.282 0.00000E+00
3266.895 0.00000E+00
3309.508 0.00000E+00
3352.120 0.00000E+00
3394.733 0.00000E+00
3437.345 0.00000E+00
3479.958 0.00000E+00
3479.958 0.59050E-01
3517.468 0.41252E-01
3554.979 0.42809E-01
3592.490 0.54151E-01
3630.000 0.70055E-01
3630.000 0.70055E-01
3662.833 0.85815E-01
3695.667 0.10239E+00
3728.500 0.11955E+00
3761.333 0.13743E+00
3794.167 0.15634E+00
3827.000 0.17673E+00
3859.833 0.19907E+00
3892.667 0.22391E+00
3925.500 0.25178E+00
3958.333 0.28326E+00
3991.167 0.31889E+00
4024.000 0.35926E+00
4056.833 0.40496E+00
4089.667 0.45659E+00
4122.500 0.51477E+00
4155.333 0.58014E+00
4188.167 0.65335E+00
4221.000 0.73506E+00
4253.833 0.82594E+00
4286.667 0.92668E+00
4319.500 0.10380E+01
4352.333 0.11604E+01
4385.167 0.12948E+01
4418.000 0.14416E+01
4450.833 0.16014E+01
4483.667 0.17748E+01
4516.500 0.19622E+01
4549.333 0.21640E+01
4582.167 0.23802E+01
4615.000 0.26112E+01
4647.833 0.28566E+01
4680.667 0.31164E+01
4713.500 0.33900E+01
4746.333 0.36767E+01
4779.167 0.39754E+01
4812.000 0.42851E+01
4844.833 0.46039E+01
4877.667 0.49301E+01
4910.500 0.52612E+01
4943.333 0.55947E+01
4976.167 0.59274E+01
5009.000 0.62559E+01
5041.833 0.65763E+01
5074.667 0.68843E+01
5107.500 0.71753E+01
5140.333 0.74443E+01
5173.167 0.76860E+01
5206.000 0.78948E+01
5238.833 0.80650E+01
5271.667 0.81907E+01
5304.500 0.82661E+01
5337.333 0.82854E+01
5370.167 0.82431E+01
5403.000 0.81344E+01
5435.833 0.79547E+01
5468.667 0.77005E+01
5501.500 0.73693E+01
5534.333 0.69600E+01
5567.167 0.64731E+01
5600.000 0.59108E+01
5600.000 0.59108E+01
5625.250 0.55056E+01
5650.500 0.50676E+01
5675.750 0.46003E+01
5701.000 0.41082E+01
5701.000 0.52570E+01
5724.333 0.47303E+01
5747.667 0.41860E+01
5771.000 0.36284E+01
5771.000 0.36284E+01
5796.000 0.31335E+01
5821.000 0.26333E+01
5846.000 0.21347E+01
5871.000 0.16456E+01
5896.000 0.11742E+01
5921.000 0.72923E+00
5946.000 0.32012E+00
5971.000 -0.43641E-01
5971.000 0.21918E+00
5993.500 -0.13462E+00
6016.000 -0.43512E+00
6038.500 -0.67411E+00
6061.000 -0.84324E+00
6083.500 -0.93420E+00
6106.000 -0.93881E+00
6128.500 -0.84922E+00
6151.000 -0.65802E+00
6151.000 -0.10644E+01
6174.333 -0.73878E+00
6197.667 -0.30104E+00
6221.000 0.25248E+00
6244.333 0.92418E+00
6267.667 0.17152E+01
6291.000 0.26255E+01
6291.000 0.25277E+01
6309.543 0.33389E+01
6328.086 0.42268E+01
6346.629 0.51904E+01
6346.629 0.28727E+01
6351.314 0.30855E+01
6356.000 0.33019E+01
6356.000 0.22881E+01
6362.000 0.25083E+01
6368.000 0.27323E+01
6368.000 0.00000E+00
6369.500 0.00000E+00
6371.000 0.00000E+00
