0.000 0.00000E+00
22.620 0.00000E+00
45.240 0.00000E+00
67.861 0.00000E+00
90.481 0.00000E+00
113.101 0.00000E+00
135.721 0.00000E+00
158.341 0.00000E+00
180.962 0.00000E+00
203.582 0.00000E+00
226.202 0.00000E+00
248.822 0.00000E+00
271.442 0.00000E+00
294.063 0.00000E+00
316.683 0.00000E+00
339.303 0.00000E+00
361.923 0.00000E+00
384.543 0.00000E+00
407.164 0.00000E+00
429.784 0.00000E+00
452.404 0.00000E+00
475.024 0.00000E+00
497.644 0.00000E+00
520.265 0.00000E+00
542.885 0.00000E+00
565.505 0.00000E+00
588.125 0.00000E+00
610.745 0.00000E+00
633.366 0.00000E+00
655.986 0.00000E+00
678.606 0.00000E+00
701.226 0.00000E+00
723.846 0.00000E+00
746.467 0.00000E+00
769.087 0.00000E+00
791.707 0.00000E+00
814.327 0.00000E+00
836.947 0.00000E+00
859.568 0.00000E+00
882.188 0.00000E+00
904.808 0.00000E+00
927.428 0.00000E+00
950.048 0.00000E+00
972.669 0.00000E+00
995.289 0.00000E+00
1017.909 0.00000E+00
1040.529 0.00000E+00
1063.149 0.00000E+00
1085.770 0.00000E+00
1108.390 0.00000E+00
1131.010 0.00000E+00
1153.630 0.00000E+00
1176.250 0.00000E+00
1198.871 0.00000E+00
1221.491 0.00000E+00
1221.491 0.00000E+00
1264.103 0.00000E+00
1306.716 0.00000E+00
1349.328 0.00000E+00
1391.941 0.00000E+00
1434.554 0.00000E+00
1477.166 0.00000E+00
1519.779 0.00000E+00
1562.391 0.00000E+00
1605.004 0.00000E+00
1647.617 0.00000E+00
1690.229 0.00000E+00
1732.842 0.00000E+00
1775.454 0.00000E+00
1818.067 0.00000E+00
1860.679 0.00000E+00
1903.292 0.00000E+00
1945.905 0.00000E+00
1988.517 0.00000E+00
2031.130 0.00000E+00
2073.742 0.00000E+00
2116.355 0.00000E+00
2158.968 0.00000E+00
2201.580 0.00000E+00
2244.193 0.00000E+00
2286.805 0.00000E+00
2329.418 0.00000E+00
2372.031 0.00000E+00
2414.643 0.00000E+00
2457.256 0.00000E+00
2499.868 0.00000E+00
2542.481 0.00000E+00
2585.094 0.00000E+00
2627.706 0.00000E+00
2670.319 0.00000E+00
2712.931 0.00000E+00
2755.544 0.00000E+00
2798.156 0.00000E+00
2840.769 0.00000E+00
2883.382 0.00000E+00
2925.994 0.00000E+00
2968.607 0.00000E+00
3011.219 0.00000E+00
3053.832 0.00000E+00
3096.444 0.00000E+00
3139.057 0.00000E+00
3181.670 0.00000E+00
3224.282 0.00000E+00
3266.895 0.00000E+00
3309.508 0.00000E+00
3352.120 0.00000E+00
3394.733 0.00000E+00
3437.345 0.00000E+00
3479.958 0.00000E+00
3479.958 0.17425E+01
3517.468 0.48966E+00
3554.979 0.12955E+01
3592.490 0.29757E+01
3630.000 0.48610E+01
3630.000 0.48610E+01
3662.833 0.64163E+01
3695.667 0.77449E+01
3728.500 0.87993E+01
3761.333 0.95743E+01
3794.167 0.10089E+02
3827.000 0.10373E+02
3859.833 0.10463E+02
3892.667 0.10393E+02
3925.500 0.10198E+02
3958.333 0.99053E+01
3991.167 0.95419E+01
4024.000 0.91288E+01
4056.833 0.86837E+01
4089.667 0.82209E+01
4122.500 0.77516E+01
4155.333 0.72848E+01
4188.167 0.68269E+01
4221.000 0.63829E+01
4253.833 0.59563E+01
4286.667 0.55494E+01
4319.500 0.51638E+01
4352.333 0.48001E+01
4385.167 0.44587E+01
4418.000 0.41394E+01
4450.833 0.38417E+01
4483.667 0.35650E+01
4516.500 0.33085E+01
4549.333 0.30715E+01
4582.167 0.28529E+01
4615.000 0.26520E+01
4647.833 0.24677E+01
4680.667 0.22993E+01
4713.500 0.21460E+01
4746.333 0.20069E+01
4779.167 0.18814E+01
4812.000 0.17688E+01
4844.833 0.16684E+01
4877.667 0.15797E+01
4910.500 0.15021E+01
4943.333 0.14351E+01
4976.167 0.13783E+01
5009.000 0.13311E+01
5041.833 0.12931E+01
5074.667 0.12638E+01
5107.500 0.12429E+01
5140.333 0.12299E+01
5173.167 0.12243E+01
5206.000 0.12256E+01
5238.833 0.12335E+01
5271.667 0.12472E+01
5304.500 0.12664E+01
5337.333 0.12904E+01
5370.167 0.13186E+01
5403.000 0.13505E+01
5435.833 0.13854E+01
5468.667 0.14225E+01
5501.500 0.14613E+01
5534.333 0.15009E+01
5567.167 0.15406E+01
5600.000 0.15798E+01
5600.000 0.15798E+01
5625.250 0.16006E+01
5650.500 0.16196E+01
5675.750 0.16361E+01
5701.000 0.16491E+01
5701.000 0.15329E+01
5724.333 0.15520E+01
5747.667 0.15636E+01
5771.000 0.15676E+01
5771.000 0.15676E+01
5796.000 0.15517E+01
5821.000 0.15270E+01
5846.000 0.14932E+01
5871.000 0.14504E+01
5896.000 0.13985E+01
5921.000 0.13379E+01
5946.000 0.12690E+01
5971.000 0.11924E+01
5971.000 0.11540E+01
5993.500 0.10911E+01
6016.000 0.10221E+01
6038.500 0.94800E+00
6061.000 0.86991E+00
6083.500 0.78903E+00
6106.000 0.70661E+00
6128.500 0.62390E+00
6151.000 0.54219E+00
6151.000 0.53443E+00
6174.333 0.45001E+00
6197.667 0.36986E+00
6221.000 0.29544E+00
6244.333 0.22801E+00
6267.667 0.16863E+00
6291.000 0.11812E+00
6291.000 0.12082E+00
6309.543 0.86840E-01
6328.086 0.59152E-01
6346.629 0.37843E-01
6346.629 0.27273E-01
6351.314 0.23699E-01
6356.000 0.20481E-01
6356.000 0.13609E-01
6362.000 0.10903E-01
6368.000 0.86821E-02
6368.000 0.00000E+00
6369.500 0.00000E+00
6371.000 0.00000E+00
