0.000 0.00000E+00
22.620 0.00000E+00
45.240 0.00000E+00
67.861 0.00000E+00
90.481 0.00000E+00
113.101 0.00000E+00
135.721 0.00000E+00
158.341 0.00000E+00
180.962 0.00000E+00
203.582 0.00000E+00
226.202 0.00000E+00
248.822 0.00000E+00
271.442 0.00000E+00
294.063 0.00000E+00
316.683 0.00000E+00
339.303 0.00000E+00
361.923 0.00000E+00
384.543 0.00000E+00
407.164 0.00000E+00
429.784 0.00000E+00
452.404 0.00000E+00
475.024 0.00000E+00
497.644 0.00000E+00
520.265 0.00000E+00
542.885 0.00000E+00
565.505 0.00000E+00
588.125 0.00000E+00
610.745 0.00000E+00
633.366 0.00000E+00
655.986 0.00000E+00
678.606 0.00000E+00
701.226 0.00000E+00
723.846 0.00000E+00
746.467 0.00000E+00
769.087 0.00000E+00
791.707 0.00000E+00
814.327 0.00000E+00
836.947 0.00000E+00
859.568 0.00000E+00
882.188 0.00000E+00
904.808 0.00000E+00
927.428 0.00000E+00
950.048 0.00000E+00
972.669 0.00000E+00
995.289 0.00000E+00
1017.909 0.00000E+00
1040.529 0.00000E+00
1063.149 0.00000E+00
1085.770 0.00000E+00
1108.390 0.00000E+00
1131.010 0.00000E+00
1153.630 0.00000E+00
1176.250 0.00000E+00
1198.871 0.00000E+00
1221.491 0.00000E+00
1221.491 0.00000E+00
1264.103 0.00000E+00
1306.716 0.00000E+00
1349.328 0.00000E+00
1391.941 0.00000E+00
1434.554 0.00000E+00
1477.166 0.00000E+00
1519.779 0.00000E+00
1562.391 0.00000E+00
1605.004 0.00000E+00
1647.617 0.00000E+00
1690.229 0.00000E+00
1732.842 0.00000E+00
1775.454 0.00000E+00
1818.067 0.00000E+00
1860.679 0.00000E+00
1903.292 0.00000E+00
1945.905 0.00000E+00
1988.517 0.00000E+00
2031.130 0.00000E+00
2073.742 0.00000E+00
2116.355 0.00000E+00
2158.968 0.00000E+00
2201.580 0.00000E+00
2244.193 0.00000E+00
2286.805 0.00000E+00
2329.418 0.00000E+00
2372.031 0.00000E+00
2414.643 0.00000E+00
2457.256 0.00000E+00
2499.868 0.00000E+00
2542.481 0.00000E+00
2585.094 0.00000E+00
2627.706 0.00000E+00
2670.319 0.00000E+00
2712.931 0.00000E+00
2755.544 0.00000E+00
2798.156 0.00000E+00
2840.769 0.00000E+00
2883.382 0.00000E+00
2925.994 0.00000E+00
2968.607 0.00000E+00
3011.219 0.00000E+00
3053.832 0.00000E+00
3096.444 0.00000E+00
3139.057 0.00000E+00
3181.670 0.00000E+00
3224.282 0.00000E+00
3266.895 0.00000E+00
3309.508 0.00000E+00
3352.120 0.00000E+00
3394.733 -0.00000E+00
3437.345 -0.00000E+00
3479.958 -0.00000E+00
3479.958 0.21038E+01
3517.468 0.21401E+01
3554.979 0.20160E+01
3592.490 0.17451E+01
3630.000 0.13644E+01
3630.000 0.13644E+01
3662.833 0.98420E+00
3695.667 0.61156E+00
3728.500 0.29729E+00
3761.333 0.89969E-01
3794.167 0.28913E-01
3827.000 0.13755E+00
3859.833 0.41833E+00
3892.667 0.85019E+00
3925.500 0.13894E+01
3958.333 0.19738E+01
3991.167 0.25307E+01
4024.000 0.29870E+01
4056.833 0.32796E+01
4089.667 0.33661E+01
4122.500 0.32319E+01
4155.333 0.28934E+01
4188.167 0.23965E+01
4221.000 0.18091E+01
4253.833 0.12109E+01
4286.667 0.67927E+00
4319.500 0.27654E+00
4352.333 0.39268E-01
4385.167 -0.27574E-01
4418.000 0.50016E-01
4450.833 0.22190E+00
4483.667 0.42586E+00
4516.500 0.60258E+00
4549.333 0.71011E+00
4582.167 0.73486E+00
4615.000 0.69613E+00
4647.833 0.64283E+00
4680.667 0.64254E+00
4713.500 0.76500E+00
4746.333 0.10634E+01
4779.167 0.15577E+01
4812.000 0.22241E+01
4844.833 0.29941E+01
4877.667 0.37626E+01
4910.500 0.44066E+01
4943.333 0.48076E+01
4976.167 0.48763E+01
5009.000 0.45714E+01
5041.833 0.39096E+01
5074.667 0.29636E+01
5107.500 0.18485E+01
5140.333 0.69953E+00
5173.167 -0.35434E+00
5206.000 -0.12145E+01
5238.833 -0.18289E+01
5271.667 -0.21968E+01
5304.500 -0.23619E+01
5337.333 -0.23942E+01
5370.167 -0.23686E+01
5403.000 -0.23418E+01
5435.833 -0.23380E+01
5468.667 -0.23423E+01
5501.500 -0.23069E+01
5534.333 -0.21652E+01
5567.167 -0.18507E+01
5600.000 -0.13161E+01
5600.000 -0.13161E+01
5625.250 -0.70725E+00
5650.500 0.30325E-01
5675.750 0.87578E+00
5701.000 0.17991E+01
5701.000 0.19809E+01
5724.333 0.28609E+01
5747.667 0.37107E+01
5771.000 0.44740E+01
5771.000 0.44740E+01
5796.000 0.52384E+01
5821.000 0.57980E+01
5846.000 0.60605E+01
5871.000 0.59435E+01
5896.000 0.53960E+01
5921.000 0.44218E+01
5946.000 0.30993E+01
5971.000 0.15879E+01
5971.000 0.18236E+01
5993.500 0.35538E+00
6016.000 -0.82908E+00
6038.500 -0.15644E+01
6061.000 -0.17588E+01
6083.500 -0.14127E+01
6106.000 -0.61946E+00
6128.500 0.45313E+00
6151.000 0.15966E+01
6151.000 0.18686E+01
6174.333 0.31336E+01
6197.667 0.38912E+01
6221.000 0.40475E+01
6244.333 0.36598E+01
6267.667 0.28999E+01
6291.000 0.19905E+01
6291.000 0.19698E+01
6309.543 0.12957E+01
6328.086 0.73058E+00
6346.629 0.31681E+00
6346.629 0.32162E+00
6351.314 0.24135E+00
6356.000 0.17150E+00
6356.000 0.15480E+00
6362.000 0.85107E-01
6368.000 0.34382E-01
6368.000 0.00000E+00
6369.500 0.00000E+00
6371.000 0.00000E+00
