0.000 0.00000E+00
22.620 0.00000E+00
45.240 0.00000E+00
67.861 0.00000E+00
90.481 0.00000E+00
113.101 0.00000E+00
135.721 0.00000E+00
158.341 0.00000E+00
180.962 0.00000E+00
203.582 0.00000E+00
226.202 0.00000E+00
248.822 0.00000E+00
271.442 0.00000E+00
294.063 0.00000E+00
316.683 0.00000E+00
339.303 0.00000E+00
361.923 0.00000E+00
384.543 0.00000E+00
407.164 0.00000E+00
429.784 0.00000E+00
452.404 0.00000E+00
475.024 0.00000E+00
497.644 0.00000E+00
520.265 0.00000E+00
542.885 0.00000E+00
565.505 0.00000E+00
588.125 0.00000E+00
610.745 0.00000E+00
633.366 0.00000E+00
655.986 0.00000E+00
678.606 0.00000E+00
701.226 0.00000E+00
723.846 0.00000E+00
746.467 0.00000E+00
769.087 0.00000E+00
791.707 0.00000E+00
814.327 0.00000E+00
836.947 0.00000E+00
859.568 0.00000E+00
882.188 0.00000E+00
904.808 0.00000E+00
927.428 0.00000E+00
950.048 0.00000E+00
972.669 0.00000E+00
995.289 0.00000E+00
1017.909 0.00000E+00
1040.529 0.00000E+00
1063.149 0.00000E+00
1085.770 0.00000E+00
1108.390 0.00000E+00
1131.010 0.00000E+00
1153.630 0.00000E+00
1176.250 0.00000E+00
1198.871 0.00000E+00
1221.491 0.00000E+00
1221.491 0.00000E+00
1264.103 0.00000E+00
1306.716 0.00000E+00
1349.328 0.00000E+00
1391.941 0.00000E+00
1434.554 0.00000E+00
1477.166 0.00000E+00
1519.779 0.00000E+00
1562.391 0.00000E+00
1605.004 0.00000E+00
1647.617 0.00000E+00
1690.229 0.00000E+00
1732.842 0.00000E+00
1775.454 0.00000E+00
1818.067 0.00000E+00
1860.679 0.00000E+00
1903.292 0.00000E+00
1945.905 0.00000E+00
1988.517 0.00000E+00
2031.130 0.00000E+00
2073.742 0.00000E+00
2116.355 0.00000E+00
2158.968 0.00000E+00
2201.580 0.00000E+00
2244.193 0.00000E+00
2286.805 0.00000E+00
2329.418 0.00000E+00
2372.031 0.00000E+00
2414.643 0.00000E+00
2457.256 0.00000E+00
2499.868 0.00000E+00
2542.481 0.00000E+00
2585.094 0.00000E+00
2627.706 0.00000E+00
2670.319 0.00000E+00
2712.931 0.00000E+00
2755.544 0.00000E+00
2798.156 0.00000E+00
2840.769 0.00000E+00
2883.382 0.00000E+00
2925.994 0.00000E+00
2968.607 0.00000E+00
3011.219 0.00000E+00
3053.832 0.00000E+00
3096.444 0.00000E+00
3139.057 0.00000E+00
3181.670 0.00000E+00
3224.282 0.00000E+00
3266.895 0.00000E+00
3309.508 0.00000E+00
3352.120 0.00000E+00
3394.733 0.00000E+00
3437.345 0.00000E+00
3479.958 0.00000E+00
3479.958 0.33878E+01
3517.468 0.26336E+01
3554.979 0.22840E+01
3592.490 0.22043E+01
3630.000 0.22981E+01
3630.000 0.22981E+01
3662.833 0.24667E+01
3695.667 0.26871E+01
3728.500 0.29351E+01
3761.333 0.31933E+01
3794.167 0.34499E+01
3827.000 0.36970E+01
3859.833 0.39295E+01
3892.667 0.41446E+01
3925.500 0.43408E+01
3958.333 0.45178E+01
3991.167 0.46760E+01
4024.000 0.48162E+01
4056.833 0.49394E+01
4089.667 0.50467E+01
4122.500 0.51396E+01
4155.333 0.52191E+01
4188.167 0.52863E+01
4221.000 0.53423E+01
4253.833 0.53879E+01
4286.667 0.54239E+01
4319.500 0.54508E+01
4352.333 0.54691E+01
4385.167 0.54791E+01
4418.000 0.54812E+01
4450.833 0.54753E+01
4483.667 0.54616E+01
4516.500 0.54399E+01
4549.333 0.54102E+01
4582.167 0.53722E+01
4615.000 0.53256E+01
4647.833 0.52704E+01
4680.667 0.52060E+01
4713.500 0.51323E+01
4746.333 0.50490E+01
4779.167 0.49557E+01
4812.000 0.48523E+01
4844.833 0.47384E+01
4877.667 0.46139E+01
4910.500 0.44787E+01
4943.333 0.43328E+01
4976.167 0.41762E+01
5009.000 0.40090E+01
5041.833 0.38314E+01
5074.667 0.36438E+01
5107.500 0.34466E+01
5140.333 0.32404E+01
5173.167 0.30259E+01
5206.000 0.28040E+01
5238.833 0.25757E+01
5271.667 0.23421E+01
5304.500 0.21046E+01
5337.333 0.18647E+01
5370.167 0.16240E+01
5403.000 0.13844E+01
5435.833 0.11479E+01
5468.667 0.91667E+00
5501.500 0.69307E+00
5534.333 0.47962E+00
5567.167 0.27900E+00
5600.000 0.94064E-01
5600.000 0.94059E-01
5625.250 0.18126E-01
5650.500 -0.44616E-01
5675.750 -0.92910E-01
5701.000 -0.12552E+00
5701.000 0.11680E+00
5724.333 0.39418E-01
5747.667 -0.24434E-01
5771.000 -0.73865E-01
5771.000 -0.73845E-01
5796.000 -0.10667E+00
5821.000 -0.12702E+00
5846.000 -0.13447E+00
5871.000 -0.12870E+00
5896.000 -0.10947E+00
5921.000 -0.76618E-01
5946.000 -0.30097E-01
5971.000 0.30038E-01
5971.000 -0.18195E-01
5993.500 0.41724E-01
6016.000 0.11507E+00
6038.500 0.20194E+00
6061.000 0.30239E+00
6083.500 0.41641E+00
6106.000 0.54396E+00
6128.500 0.68493E+00
6151.000 0.83918E+00
6151.000 0.51330E+00
6174.333 0.70678E+00
6197.667 0.91043E+00
6221.000 0.11237E+01
6244.333 0.13459E+01
6267.667 0.15764E+01
6291.000 0.18147E+01
6291.000 0.17576E+01
6309.543 0.19516E+01
6328.086 0.21500E+01
6346.629 0.23525E+01
6346.629 0.13473E+01
6351.314 0.13961E+01
6356.000 0.14453E+01
6356.000 0.10367E+01
6362.000 0.10876E+01
6368.000 0.11388E+01
6368.000 0.00000E+00
6369.500 0.00000E+00
6371.000 0.00000E+00
