0.000 0.00000E+00
22.620 0.00000E+00
45.240 0.00000E+00
67.861 0.00000E+00
90.481 0.00000E+00
113.101 0.00000E+00
135.721 0.00000E+00
158.341 0.00000E+00
180.962 0.00000E+00
203.582 0.00000E+00
226.202 0.00000E+00
248.822 0.00000E+00
271.442 0.00000E+00
294.063 0.00000E+00
316.683 0.00000E+00
339.303 0.00000E+00
361.923 0.00000E+00
384.543 0.00000E+00
407.164 0.00000E+00
429.784 0.00000E+00
452.404 0.00000E+00
475.024 0.00000E+00
497.644 0.00000E+00
520.265 0.00000E+00
542.885 0.00000E+00
565.505 0.00000E+00
588.125 0.00000E+00
610.745 0.00000E+00
633.366 0.00000E+00
655.986 0.00000E+00
678.606 0.00000E+00
701.226 0.00000E+00
723.846 0.00000E+00
746.467 0.00000E+00
769.087 0.00000E+00
791.707 0.00000E+00
814.327 0.00000E+00
836.947 0.00000E+00
859.568 0.00000E+00
882.188 0.00000E+00
904.808 0.00000E+00
927.428 0.00000E+00
950.048 0.00000E+00
972.669 0.00000E+00
995.289 0.00000E+00
1017.909 0.00000E+00
1040.529 0.00000E+00
1063.149 0.00000E+00
1085.770 0.00000E+00
1108.390 0.00000E+00
1131.010 0.00000E+00
1153.630 0.00000E+00
1176.250 0.00000E+00
1198.871 0.00000E+00
1221.491 0.00000E+00
1221.491 0.00000E+00
1264.103 0.00000E+00
1306.716 0.00000E+00
1349.328 0.00000E+00
1391.941 0.00000E+00
1434.554 0.00000E+00
1477.166 0.00000E+00
1519.779 0.00000E+00
1562.391 0.00000E+00
1605.004 0.00000E+00
1647.617 0.00000E+00
1690.229 0.00000E+00
1732.842 0.00000E+00
1775.454 0.00000E+00
1818.067 0.00000E+00
1860.679 0.00000E+00
1903.292 0.00000E+00
1945.905 0.00000E+00
1988.517 0.00000E+00
2031.130 0.00000E+00
2073.742 0.00000E+00
2116.355 0.00000E+00
2158.968 0.00000E+00
2201.580 0.00000E+00
2244.193 0.00000E+00
2286.805 0.00000E+00
2329.418 0.00000E+00
2372.031 0.00000E+00
2414.643 0.00000E+00
2457.256 0.00000E+00
2499.868 0.00000E+00
2542.481 0.00000E+00
2585.094 0.00000E+00
2627.706 0.00000E+00
2670.319 0.00000E+00
2712.931 0.00000E+00
2755.544 0.00000E+00
2798.156 0.00000E+00
2840.769 0.00000E+00
2883.382 0.00000E+00
2925.994 0.00000E+00
2968.607 0.00000E+00
3011.219 0.00000E+00
3053.832 0.00000E+00
3096.444 0.00000E+00
3139.057 0.00000E+00
3181.670 0.00000E+00
3224.282 0.00000E+00
3266.895 0.00000E+00
3309.508 0.00000E+00
3352.120 0.00000E+00
3394.733 0.00000E+00
3437.345 0.00000E+00
3479.958 0.00000E+00
3479.958 -0.41248E-01
3517.468 -0.57162E-01
3554.979 0.79497E-01
3592.490 0.27410E+00
3630.000 0.47420E+00
3630.000 0.47420E+00
3662.833 0.63373E+00
3695.667 0.76871E+00
3728.500 0.87650E+00
3761.333 0.95779E+00
3794.167 0.10151E+01
3827.000 0.10517E+01
3859.833 0.10714E+01
3892.667 0.10774E+01
3925.500 0.10731E+01
3958.333 0.10612E+01
3991.167 0.10440E+01
4024.000 0.10236E+01
4056.833 0.10014E+01
4089.667 0.97849E+00
4122.500 0.95584E+00
4155.333 0.93395E+00
4188.167 0.91313E+00
4221.000 0.89347E+00
4253.833 0.87489E+00
4286.667 0.85717E+00
4319.500 0.83995E+00
4352.333 0.82279E+00
4385.167 0.80516E+00
4418.000 0.78650E+00
4450.833 0.76622E+00
4483.667 0.74370E+00
4516.500 0.71836E+00
4549.333 0.68965E+00
4582.167 0.65709E+00
4615.000 0.62029E+00
4647.833 0.57898E+00
4680.667 0.53301E+00
4713.500 0.48242E+00
4746.333 0.42745E+00
4779.167 0.36857E+00
4812.000 0.30649E+00
4844.833 0.24221E+00
4877.667 0.17705E+00
4910.500 0.11264E+00
4943.333 0.50969E-01
4976.167 -0.56000E-02
5009.000 -0.54340E-01
5041.833 -0.92140E-01
5074.667 -0.11551E+00
5107.500 -0.12060E+00
5140.333 -0.10320E+00
5173.167 -0.58790E-01
5206.000 0.17434E-01
5238.833 0.13050E+00
5271.667 0.28562E+00
5304.500 0.48807E+00
5337.333 0.74316E+00
5370.167 0.10561E+01
5403.000 0.14319E+01
5435.833 0.18753E+01
5468.667 0.23905E+01
5501.500 0.29812E+01
5534.333 0.36504E+01
5567.167 0.44001E+01
5600.000 0.52315E+01
5600.000 0.52315E+01
5625.250 0.59457E+01
5650.500 0.67070E+01
5675.750 0.75121E+01
5701.000 0.83562E+01
5701.000 0.81704E+01
5724.333 0.89294E+01
5747.667 0.97014E+01
5771.000 0.10480E+02
5771.000 0.10480E+02
5796.000 0.11261E+02
5821.000 0.12014E+02
5846.000 0.12724E+02
5871.000 0.13378E+02
5896.000 0.13962E+02
5921.000 0.14459E+02
5946.000 0.14857E+02
5971.000 0.15142E+02
5971.000 0.14790E+02
5993.500 0.15007E+02
6016.000 0.15129E+02
6038.500 0.15151E+02
6061.000 0.15072E+02
6083.500 0.14889E+02
6106.000 0.14603E+02
6128.500 0.14216E+02
6151.000 0.13732E+02
6151.000 0.13094E+02
6174.333 0.12446E+02
6197.667 0.11715E+02
6221.000 0.10913E+02
6244.333 0.10054E+02
6267.667 0.91545E+01
6291.000 0.82286E+01
6291.000 0.82907E+01
6309.543 0.75395E+01
6328.086 0.67900E+01
6346.629 0.60492E+01
6346.629 0.39757E+01
6351.314 0.38234E+01
6356.000 0.36724E+01
6356.000 0.25567E+01
6362.000 0.24007E+01
6368.000 0.22514E+01
6368.000 0.00000E+00
6369.500 0.00000E+00
6371.000 0.00000E+00
