0.000 0.00000E+00
22.620 0.00000E+00
45.240 0.00000E+00
67.861 0.00000E+00
90.481 0.00000E+00
113.101 0.00000E+00
135.721 0.00000E+00
158.341 0.00000E+00
180.962 0.00000E+00
203.582 0.00000E+00
226.202 0.00000E+00
248.822 0.00000E+00
271.442 0.00000E+00
294.063 0.00000E+00
316.683 0.00000E+00
339.303 0.00000E+00
361.923 0.00000E+00
384.543 0.00000E+00
407.164 0.00000E+00
429.784 0.00000E+00
452.404 0.00000E+00
475.024 0.00000E+00
497.644 0.00000E+00
520.265 0.00000E+00
542.885 0.00000E+00
565.505 0.00000E+00
588.125 0.00000E+00
610.745 0.00000E+00
633.366 0.00000E+00
655.986 0.00000E+00
678.606 0.00000E+00
701.226 0.00000E+00
723.846 0.00000E+00
746.467 0.00000E+00
769.087 0.00000E+00
791.707 0.00000E+00
814.327 0.00000E+00
836.947 0.00000E+00
859.568 0.00000E+00
882.188 0.00000E+00
904.808 0.00000E+00
927.428 0.00000E+00
950.048 0.00000E+00
972.669 0.00000E+00
995.289 0.00000E+00
1017.909 0.00000E+00
1040.529 0.00000E+00
1063.149 0.00000E+00
1085.770 0.00000E+00
1108.390 0.00000E+00
1131.010 0.00000E+00
1153.630 0.00000E+00
1176.250 0.00000E+00
1198.871 0.00000E+00
1221.491 0.00000E+00
1221.491 0.00000E+00
1264.103 0.00000E+00
1306.716 0.00000E+00
1349.328 0.00000E+00
1391.941 0.00000E+00
1434.554 0.00000E+00
1477.166 0.00000E+00
1519.779 0.00000E+00
1562.391 0.00000E+00
1605.004 0.00000E+00
1647.617 0.00000E+00
1690.229 0.00000E+00
1732.842 0.00000E+00
1775.454 0.00000E+00
1818.067 0.00000E+00
1860.679 0.00000E+00
1903.292 0.00000E+00
1945.905 0.00000E+00
1988.517 0.00000E+00
2031.130 0.00000E+00
2073.742 0.00000E+00
2116.355 0.00000E+00
2158.968 0.00000E+00
2201.580 0.00000E+00
2244.193 0.00000E+00
2286.805 0.00000E+00
2329.418 0.00000E+00
2372.031 0.00000E+00
2414.643 0.00000E+00
2457.256 0.00000E+00
2499.868 0.00000E+00
2542.481 0.00000E+00
2585.094 0.00000E+00
2627.706 0.00000E+00
2670.319 0.00000E+00
2712.931 0.00000E+00
2755.544 0.00000E+00
2798.156 0.00000E+00
2840.769 0.00000E+00
2883.382 0.00000E+00
2925.994 0.00000E+00
2968.607 0.00000E+00
3011.219 0.00000E+00
3053.832 0.00000E+00
3096.444 0.00000E+00
3139.057 0.00000E+00
3181.670 0.00000E+00
3224.282 0.00000E+00
3266.895 0.00000E+00
3309.508 0.00000E+00
3352.120 0.00000E+00
3394.733 0.00000E+00
3437.345 0.00000E+00
3479.958 0.00000E+00
3479.958 0.14866E-05
3517.468 0.14828E-05
3554.979 0.25757E-05
3592.490 0.42588E-05
3630.000 0.65052E-05
3630.000 0.65052E-05
3662.833 0.91596E-05
3695.667 0.12773E-04
3728.500 0.17786E-04
3761.333 0.24784E-04
3794.167 0.34557E-04
3827.000 0.48161E-04
3859.833 0.67019E-04
3892.667 0.93041E-04
3925.500 0.12878E-03
3958.333 0.17765E-03
3991.167 0.24418E-03
4024.000 0.33436E-03
4056.833 0.45609E-03
4089.667 0.61971E-03
4122.500 0.83875E-03
4155.333 0.11308E-02
4188.167 0.15185E-02
4221.000 0.20313E-02
4253.833 0.27066E-02
4286.667 0.35925E-02
4319.500 0.47499E-02
4352.333 0.62560E-02
4385.167 0.82079E-02
4418.000 0.10727E-01
4450.833 0.13967E-01
4483.667 0.18114E-01
4516.500 0.23403E-01
4549.333 0.30119E-01
4582.167 0.38615E-01
4615.000 0.49315E-01
4647.833 0.62736E-01
4680.667 0.79499E-01
4713.500 0.10035E+00
4746.333 0.12616E+00
4779.167 0.15799E+00
4812.000 0.19706E+00
4844.833 0.24479E+00
4877.667 0.30283E+00
4910.500 0.37309E+00
4943.333 0.45772E+00
4976.167 0.55914E+00
5009.000 0.68007E+00
5041.833 0.82349E+00
5074.667 0.99263E+00
5107.500 0.11910E+01
5140.333 0.14222E+01
5173.167 0.16899E+01
5206.000 0.19980E+01
5238.833 0.23499E+01
5271.667 0.27489E+01
5304.500 0.31976E+01
5337.333 0.36977E+01
5370.167 0.42497E+01
5403.000 0.48525E+01
5435.833 0.55029E+01
5468.667 0.61951E+01
5501.500 0.69202E+01
5534.333 0.76656E+01
5567.167 0.84144E+01
5600.000 0.91449E+01
5600.000 0.91449E+01
5625.250 0.97441E+01
5650.500 0.10316E+02
5675.750 0.10846E+02
5701.000 0.11314E+02
5701.000 0.12846E+02
5724.333 0.13291E+02
5747.667 0.13671E+02
5771.000 0.13956E+02
5771.000 0.13956E+02
5796.000 0.14335E+02
5821.000 0.14585E+02
5846.000 0.14685E+02
5871.000 0.14617E+02
5896.000 0.14365E+02
5921.000 0.13916E+02
5946.000 0.13264E+02
5971.000 0.12411E+02
5971.000 0.13379E+02
5993.500 0.12348E+02
6016.000 0.11149E+02
6038.500 0.98021E+01
6061.000 0.83379E+01
6083.500 0.67977E+01
6106.000 0.52344E+01
6128.500 0.37117E+01
6151.000 0.23037E+01
6151.000 0.27460E+01
6174.333 0.14589E+01
6197.667 0.45816E+00
6221.000 -0.14753E+00
6244.333 -0.24444E+00
6267.667 0.28549E+00
6291.000 0.15643E+01
6291.000 0.14093E+01
6309.543 0.30568E+01
6328.086 0.53407E+01
6346.629 0.83368E+01
6346.629 0.43286E+01
6351.314 0.49952E+01
6356.000 0.56954E+01
6356.000 0.38168E+01
6362.000 0.45339E+01
6368.000 0.52838E+01
6368.000 0.00000E+00
6369.500 0.00000E+00
6371.000 0.00000E+00
