0.000 0.00000E+00
22.620 0.00000E+00
45.240 0.00000E+00
67.861 0.00000E+00
90.481 0.00000E+00
113.101 0.00000E+00
135.721 0.00000E+00
158.341 0.00000E+00
180.962 0.00000E+00
203.582 0.00000E+00
226.202 0.00000E+00
248.822 0.00000E+00
271.442 0.00000E+00
294.063 0.00000E+00
316.683 0.00000E+00
339.303 0.00000E+00
361.923 0.00000E+00
384.543 0.00000E+00
407.164 0.00000E+00
429.784 0.00000E+00
452.404 0.00000E+00
475.024 0.00000E+00
497.644 0.00000E+00
520.265 0.00000E+00
542.885 0.00000E+00
565.505 0.00000E+00
588.125 0.00000E+00
610.745 0.00000E+00
633.366 0.00000E+00
655.986 0.00000E+00
678.606 0.00000E+00
701.226 0.00000E+00
723.846 0.00000E+00
746.467 0.00000E+00
769.087 0.00000E+00
791.707 0.00000E+00
814.327 0.00000E+00
836.947 0.00000E+00
859.568 0.00000E+00
882.188 0.00000E+00
904.808 0.00000E+00
927.428 0.00000E+00
950.048 0.00000E+00
972.669 0.00000E+00
995.289 0.00000E+00
1017.909 0.00000E+00
1040.529 0.00000E+00
1063.149 0.00000E+00
1085.770 0.00000E+00
1108.390 0.00000E+00
1131.010 0.00000E+00
1153.630 0.00000E+00
1176.250 0.00000E+00
1198.871 0.00000E+00
1221.491 0.00000E+00
1221.491 0.00000E+00
1264.103 0.00000E+00
1306.716 0.00000E+00
1349.328 0.00000E+00
1391.941 0.00000E+00
1434.554 0.00000E+00
1477.166 0.00000E+00
1519.779 0.00000E+00
1562.391 0.00000E+00
1605.004 0.00000E+00
1647.617 0.00000E+00
1690.229 0.00000E+00
1732.842 0.00000E+00
1775.454 0.00000E+00
1818.067 0.00000E+00
1860.679 0.00000E+00
1903.292 0.00000E+00
1945.905 0.00000E+00
1988.517 0.00000E+00
2031.130 0.00000E+00
2073.742 0.00000E+00
2116.355 0.00000E+00
2158.968 0.00000E+00
2201.580 0.00000E+00
2244.193 0.00000E+00
2286.805 0.00000E+00
2329.418 0.00000E+00
2372.031 0.00000E+00
2414.643 0.00000E+00
2457.256 0.00000E+00
2499.868 0.00000E+00
2542.481 0.00000E+00
2585.094 0.00000E+00
2627.706 0.00000E+00
2670.319 0.00000E+00
2712.931 0.00000E+00
2755.544 0.00000E+00
2798.156 0.00000E+00
2840.769 0.00000E+00
2883.382 0.00000E+00
2925.994 0.00000E+00
2968.607 0.00000E+00
3011.219 0.00000E+00
3053.832 0.00000E+00
3096.444 0.00000E+00
3139.057 0.00000E+00
3181.670 0.00000E+00
3224.282 0.00000E+00
3266.895 0.00000E+00
3309.508 0.00000E+00
3352.120 0.00000E+00
3394.733 0.00000E+00
3437.345 0.00000E+00
3479.958 0.00000E+00
3479.958 0.00000E+00
3517.468 0.30016E-04
3554.979 0.43349E-04
3592.490 0.66637E-04
3630.000 0.96514E-04
3630.000 0.96513E-04
3662.833 0.12930E-03
3695.667 0.17066E-03
3728.500 0.22418E-03
3761.333 0.29444E-03
3794.167 0.38724E-03
3827.000 0.50987E-03
3859.833 0.67154E-03
3892.667 0.88389E-03
3925.500 0.11617E-02
3958.333 0.15235E-02
3991.167 0.19929E-02
4024.000 0.25993E-02
4056.833 0.33796E-02
4089.667 0.43799E-02
4122.500 0.56571E-02
4155.333 0.72819E-02
4188.167 0.93410E-02
4221.000 0.11941E-01
4253.833 0.15211E-01
4286.667 0.19309E-01
4319.500 0.24426E-01
4352.333 0.30791E-01
4385.167 0.38679E-01
4418.000 0.48418E-01
4450.833 0.60396E-01
4483.667 0.75073E-01
4516.500 0.92989E-01
4549.333 0.11477E+00
4582.167 0.14116E+00
4615.000 0.17299E+00
4647.833 0.21124E+00
4680.667 0.25702E+00
4713.500 0.31158E+00
4746.333 0.37634E+00
4779.167 0.45287E+00
4812.000 0.54293E+00
4844.833 0.64841E+00
4877.667 0.77141E+00
4910.500 0.91414E+00
4943.333 0.10790E+01
4976.167 0.12684E+01
5009.000 0.14848E+01
5041.833 0.17308E+01
5074.667 0.20088E+01
5107.500 0.23211E+01
5140.333 0.26695E+01
5173.167 0.30556E+01
5206.000 0.34804E+01
5238.833 0.39440E+01
5271.667 0.44456E+01
5304.500 0.49829E+01
5337.333 0.55526E+01
5370.167 0.61493E+01
5403.000 0.67656E+01
5435.833 0.73919E+01
5468.667 0.80161E+01
5501.500 0.86232E+01
5534.333 0.91956E+01
5567.167 0.97127E+01
5600.000 0.10151E+02
5600.000 0.10151E+02
5625.250 0.10496E+02
5650.500 0.10779E+02
5675.750 0.10987E+02
5701.000 0.11107E+02
5701.000 0.12761E+02
5724.333 0.12832E+02
5747.667 0.12817E+02
5771.000 0.12698E+02
5771.000 0.12698E+02
5796.000 0.12646E+02
5821.000 0.12468E+02
5846.000 0.12157E+02
5871.000 0.11707E+02
5896.000 0.11115E+02
5921.000 0.10384E+02
5946.000 0.95226E+01
5971.000 0.85438E+01
5971.000 0.93670E+01
5993.500 0.82915E+01
6016.000 0.71405E+01
6038.500 0.59374E+01
6061.000 0.47129E+01
6083.500 0.35042E+01
6106.000 0.23542E+01
6128.500 0.13119E+01
6151.000 0.43087E+00
6151.000 0.58394E+00
6174.333 -0.12740E+00
6197.667 -0.55982E+00
6221.000 -0.64751E+00
6244.333 -0.32497E+00
6267.667 0.47216E+00
6291.000 0.18067E+01
6291.000 0.16697E+01
6309.543 0.31644E+01
6328.086 0.50799E+01
6346.629 0.74500E+01
6346.629 0.39262E+01
6351.314 0.44482E+01
6356.000 0.49914E+01
6356.000 0.33702E+01
6362.000 0.39247E+01
6368.000 0.44996E+01
6368.000 0.00000E+00
6369.500 0.00000E+00
6371.000 0.00000E+00
