0.000 0.00000E+00
22.620 0.00000E+00
45.240 0.00000E+00
67.861 0.00000E+00
90.481 0.00000E+00
113.101 0.00000E+00
135.721 0.00000E+00
158.341 0.00000E+00
180.962 0.00000E+00
203.582 0.00000E+00
226.202 0.00000E+00
248.822 0.00000E+00
271.442 0.00000E+00
294.063 0.00000E+00
316.683 0.00000E+00
339.303 0.00000E+00
361.923 0.00000E+00
384.543 0.00000E+00
407.164 0.00000E+00
429.784 0.00000E+00
452.404 0.00000E+00
475.024 0.00000E+00
497.644 0.00000E+00
520.265 0.00000E+00
542.885 0.00000E+00
565.505 0.00000E+00
588.125 0.00000E+00
610.745 0.00000E+00
633.366 0.00000E+00
655.986 0.00000E+00
678.606 0.00000E+00
701.226 0.00000E+00
723.846 0.00000E+00
746.467 0.00000E+00
769.087 0.00000E+00
791.707 0.00000E+00
814.327 0.00000E+00
836.947 0.00000E+00
859.568 0.00000E+00
882.188 0.00000E+00
904.808 0.00000E+00
927.428 0.00000E+00
950.048 0.00000E+00
972.669 0.00000E+00
995.289 0.00000E+00
1017.909 0.00000E+00
1040.529 0.00000E+00
1063.149 0.00000E+00
1085.770 0.00000E+00
1108.390 0.00000E+00
1131.010 0.00000E+00
1153.630 0.00000E+00
1176.250 0.00000E+00
1198.871 0.00000E+00
1221.491 0.00000E+00
1221.491 0.00000E+00
1264.103 0.00000E+00
1306.716 0.00000E+00
1349.328 0.00000E+00
1391.941 0.00000E+00
1434.554 0.00000E+00
1477.166 0.00000E+00
1519.779 0.00000E+00
1562.391 0.00000E+00
1605.004 0.00000E+00
1647.617 0.00000E+00
1690.229 0.00000E+00
1732.842 0.00000E+00
1775.454 0.00000E+00
1818.067 0.00000E+00
1860.679 0.00000E+00
1903.292 0.00000E+00
1945.905 0.00000E+00
1988.517 0.00000E+00
2031.130 0.00000E+00
2073.742 0.00000E+00
2116.355 0.00000E+00
2158.968 0.00000E+00
2201.580 0.00000E+00
2244.193 0.00000E+00
2286.805 0.00000E+00
2329.418 0.00000E+00
2372.031 0.00000E+00
2414.643 0.00000E+00
2457.256 0.00000E+00
2499.868 0.00000E+00
2542.481 0.00000E+00
2585.094 0.00000E+00
2627.706 0.00000E+00
2670.319 0.00000E+00
2712.931 0.00000E+00
2755.544 0.00000E+00
2798.156 0.00000E+00
2840.769 0.00000E+00
2883.382 0.00000E+00
2925.994 0.00000E+00
2968.607 0.00000E+00
3011.219 0.00000E+00
3053.832 0.00000E+00
3096.444 0.00000E+00
3139.057 0.00000E+00
3181.670 0.00000E+00
3224.282 0.00000E+00
3266.895 0.00000E+00
3309.508 0.00000E+00
3352.120 0.00000E+00
3394.733 0.00000E+00
3437.345 0.00000E+00
3479.958 0.00000E+00
3479.958 0.44835E+01
3517.468 0.36403E+01
3554.979 0.31754E+01
3592.490 0.29767E+01
3630.000 0.29603E+01
3630.000 0.29603E+01
3662.833 0.30411E+01
3695.667 0.31877E+01
3728.500 0.33757E+01
3761.333 0.35869E+01
3794.167 0.38077E+01
3827.000 0.40285E+01
3859.833 0.42422E+01
3892.667 0.44442E+01
3925.500 0.46311E+01
3958.333 0.48012E+01
3991.167 0.49534E+01
4024.000 0.50872E+01
4056.833 0.52029E+01
4089.667 0.53008E+01
4122.500 0.53816E+01
4155.333 0.54459E+01
4188.167 0.54946E+01
4221.000 0.55286E+01
4253.833 0.55485E+01
4286.667 0.55553E+01
4319.500 0.55496E+01
4352.333 0.55321E+01
4385.167 0.55034E+01
4418.000 0.54640E+01
4450.833 0.54143E+01
4483.667 0.53549E+01
4516.500 0.52861E+01
4549.333 0.52082E+01
4582.167 0.51215E+01
4615.000 0.50263E+01
4647.833 0.49227E+01
4680.667 0.48111E+01
4713.500 0.46915E+01
4746.333 0.45643E+01
4779.167 0.44297E+01
4812.000 0.42879E+01
4844.833 0.41390E+01
4877.667 0.39836E+01
4910.500 0.38218E+01
4943.333 0.36539E+01
4976.167 0.34806E+01
5009.000 0.33021E+01
5041.833 0.31189E+01
5074.667 0.29318E+01
5107.500 0.27412E+01
5140.333 0.25480E+01
5173.167 0.23528E+01
5206.000 0.21566E+01
5238.833 0.19602E+01
5271.667 0.17647E+01
5304.500 0.15711E+01
5337.333 0.13806E+01
5370.167 0.11944E+01
5403.000 0.10138E+01
5435.833 0.84033E+00
5468.667 0.67528E+00
5501.500 0.52024E+00
5534.333 0.37680E+00
5567.167 0.24661E+00
5600.000 0.13138E+00
5600.000 0.13137E+00
5625.250 0.10528E+00
5650.500 0.90175E-01
5675.750 0.86705E-01
5701.000 0.95480E-01
5701.000 0.24817E+00
5724.333 0.21222E+00
5747.667 0.18672E+00
5771.000 0.17213E+00
5771.000 0.17215E+00
5796.000 0.16377E+00
5821.000 0.16396E+00
5846.000 0.17282E+00
5871.000 0.19037E+00
5896.000 0.21662E+00
5921.000 0.25149E+00
5946.000 0.29487E+00
5971.000 0.34658E+00
5971.000 0.28440E+00
5993.500 0.33825E+00
6016.000 0.40058E+00
6038.500 0.47136E+00
6061.000 0.55057E+00
6083.500 0.63814E+00
6106.000 0.73400E+00
6128.500 0.83804E+00
6151.000 0.95013E+00
6151.000 0.66593E+00
6174.333 0.80787E+00
6197.667 0.95525E+00
6221.000 0.11077E+01
6244.333 0.12650E+01
6267.667 0.14266E+01
6291.000 0.15924E+01
6291.000 0.15383E+01
6309.543 0.16719E+01
6328.086 0.18079E+01
6346.629 0.19460E+01
6346.629 0.11177E+01
6351.314 0.11525E+01
6356.000 0.11874E+01
6356.000 0.86224E+00
6362.000 0.89864E+00
6368.000 0.93526E+00
6368.000 0.00000E+00
6369.500 0.00000E+00
6371.000 0.00000E+00
