0.000 0.00000E+00
22.620 0.00000E+00
45.240 0.00000E+00
67.861 0.00000E+00
90.481 0.00000E+00
113.101 0.00000E+00
135.721 0.00000E+00
158.341 0.00000E+00
180.962 0.00000E+00
203.582 0.00000E+00
226.202 0.00000E+00
248.822 0.00000E+00
271.442 0.00000E+00
294.063 0.00000E+00
316.683 0.00000E+00
339.303 0.00000E+00
361.923 0.00000E+00
384.543 0.00000E+00
407.164 0.00000E+00
429.784 0.00000E+00
452.404 0.00000E+00
475.024 0.00000E+00
497.644 0.00000E+00
520.265 0.00000E+00
542.885 0.00000E+00
565.505 0.00000E+00
588.125 0.00000E+00
610.745 0.00000E+00
633.366 0.00000E+00
655.986 0.00000E+00
678.606 0.00000E+00
701.226 0.00000E+00
723.846 0.00000E+00
746.467 0.00000E+00
769.087 0.00000E+00
791.707 0.00000E+00
814.327 0.00000E+00
836.947 0.00000E+00
859.568 0.00000E+00
882.188 0.00000E+00
904.808 0.00000E+00
927.428 0.00000E+00
950.048 0.00000E+00
972.669 0.00000E+00
995.289 0.00000E+00
1017.909 0.00000E+00
1040.529 0.00000E+00
1063.149 0.00000E+00
1085.770 0.00000E+00
1108.390 0.00000E+00
1131.010 0.00000E+00
1153.630 0.00000E+00
1176.250 0.00000E+00
1198.871 0.00000E+00
1221.491 0.00000E+00
1221.491 0.00000E+00
1264.103 0.00000E+00
1306.716 0.00000E+00
1349.328 0.00000E+00
1391.941 0.00000E+00
1434.554 0.00000E+00
1477.166 0.00000E+00
1519.779 0.00000E+00
1562.391 0.00000E+00
1605.004 0.00000E+00
1647.617 0.00000E+00
1690.229 0.00000E+00
1732.842 0.00000E+00
1775.454 0.00000E+00
1818.067 0.00000E+00
1860.679 0.00000E+00
1903.292 0.00000E+00
1945.905 0.00000E+00
1988.517 0.00000E+00
2031.130 0.00000E+00
2073.742 0.00000E+00
2116.355 0.00000E+00
2158.968 0.00000E+00
2201.580 0.00000E+00
2244.193 0.00000E+00
2286.805 0.00000E+00
2329.418 0.00000E+00
2372.031 0.00000E+00
2414.643 0.00000E+00
2457.256 0.00000E+00
2499.868 0.00000E+00
2542.481 0.00000E+00
2585.094 0.00000E+00
2627.706 0.00000E+00
2670.319 0.00000E+00
2712.931 0.00000E+00
2755.544 0.00000E+00
2798.156 -0.00000E+00
2840.769 -0.00000E+00
2883.382 -0.00000E+00
2925.994 -0.00000E+00
2968.607 -0.00000E+00
3011.219 -0.00000E+00
3053.832 -0.00000E+00
3096.444 -0.00000E+00
3139.057 -0.00000E+00
3181.670 -0.00000E+00
3224.282 -0.00000E+00
3266.895 0.00000E+00
3309.508 0.00000E+00
3352.120 0.00000E+00
3394.733 0.00000E+00
3437.345 0.00000E+00
3479.958 0.00000E+00
3479.958 0.29491E+01
3517.468 0.37136E+01
3554.979 0.43821E+01
3592.490 0.48628E+01
3630.000 0.50847E+01
3630.000 0.50847E+01
3662.833 0.50164E+01
3695.667 0.47184E+01
3728.500 0.42137E+01
3761.333 0.35472E+01
3794.167 0.27819E+01
3827.000 0.19821E+01
3859.833 0.12141E+01
3892.667 0.53230E+00
3925.500 -0.26605E-01
3958.333 -0.44683E+00
3991.167 -0.73327E+00
4024.000 -0.90776E+00
4056.833 -0.10026E+01
4089.667 -0.10528E+01
4122.500 -0.10885E+01
4155.333 -0.11292E+01
4188.167 -0.11808E+01
4221.000 -0.12355E+01
4253.833 -0.12752E+01
4286.667 -0.12768E+01
4319.500 -0.12183E+01
4352.333 -0.10845E+01
4385.167 -0.87009E+00
4418.000 -0.58126E+00
4450.833 -0.23340E+00
4483.667 0.15268E+00
4516.500 0.55566E+00
4549.333 0.95830E+00
4582.167 0.13503E+01
4615.000 0.17287E+01
4647.833 0.20956E+01
4680.667 0.24541E+01
4713.500 0.28030E+01
4746.333 0.31330E+01
4779.167 0.34245E+01
4812.000 0.36487E+01
4844.833 0.37718E+01
4877.667 0.37623E+01
4910.500 0.35987E+01
4943.333 0.32760E+01
4976.167 0.28102E+01
5009.000 0.22385E+01
5041.833 0.16142E+01
5074.667 0.99906E+00
5107.500 0.45294E+00
5140.333 0.23637E-01
5173.167 -0.26128E+00
5206.000 -0.39793E+00
5238.833 -0.40546E+00
5271.667 -0.32092E+00
5304.500 -0.19115E+00
5337.333 -0.63627E-01
5370.167 0.21724E-01
5403.000 0.38488E-01
5435.833 -0.23310E-01
5468.667 -0.15697E+00
5501.500 -0.34083E+00
5534.333 -0.54092E+00
5567.167 -0.71407E+00
5600.000 -0.81154E+00
5600.000 -0.81154E+00
5625.250 -0.78824E+00
5650.500 -0.67297E+00
5675.750 -0.44970E+00
5701.000 -0.10648E+00
5701.000 -0.11510E+00
5724.333 0.29507E+00
5747.667 0.80724E+00
5771.000 0.13921E+01
5771.000 0.13921E+01
5796.000 0.20826E+01
5821.000 0.27575E+01
5846.000 0.33234E+01
5871.000 0.36788E+01
5896.000 0.37326E+01
5921.000 0.34290E+01
5946.000 0.27701E+01
5971.000 0.18314E+01
5971.000 0.21290E+01
5993.500 0.10395E+01
6016.000 0.19269E-01
6038.500 -0.75407E+00
6061.000 -0.11421E+01
6083.500 -0.10750E+01
6106.000 -0.56818E+00
6128.500 0.27864E+00
6151.000 0.13008E+01
6151.000 0.15089E+01
6174.333 0.26940E+01
6197.667 0.35347E+01
6221.000 0.38675E+01
6244.333 0.36632E+01
6267.667 0.30239E+01
6291.000 0.21454E+01
6291.000 0.20996E+01
6309.543 0.14068E+01
6328.086 0.80520E+00
6346.629 0.36327E+00
6346.629 0.37556E+00
6351.314 0.28479E+00
6356.000 0.20745E+00
6356.000 0.19947E+00
6362.000 0.11263E+00
6368.000 0.56844E-01
6368.000 0.00000E+00
6369.500 0.00000E+00
6371.000 0.00000E+00
