0.000 0.00000E+00
22.620 0.00000E+00
45.240 0.00000E+00
67.861 0.00000E+00
90.481 0.00000E+00
113.101 0.00000E+00
135.721 0.00000E+00
158.341 0.00000E+00
180.962 0.00000E+00
203.582 0.00000E+00
226.202 0.00000E+00
248.822 0.00000E+00
271.442 0.00000E+00
294.063 0.00000E+00
316.683 0.00000E+00
339.303 0.00000E+00
361.923 0.00000E+00
384.543 0.00000E+00
407.164 0.00000E+00
429.784 0.00000E+00
452.404 0.00000E+00
475.024 0.00000E+00
497.644 0.00000E+00
520.265 0.00000E+00
542.885 0.00000E+00
565.505 0.00000E+00
588.125 0.00000E+00
610.745 0.00000E+00
633.366 0.00000E+00
655.986 0.00000E+00
678.606 0.00000E+00
701.226 0.00000E+00
723.846 0.00000E+00
746.467 0.00000E+00
769.087 0.00000E+00
791.707 0.00000E+00
814.327 0.00000E+00
836.947 0.00000E+00
859.568 0.00000E+00
882.188 0.00000E+00
904.808 0.00000E+00
927.428 0.00000E+00
950.048 0.00000E+00
972.669 0.00000E+00
995.289 0.00000E+00
1017.909 0.00000E+00
1040.529 0.00000E+00
1063.149 0.00000E+00
1085.770 0.00000E+00
1108.390 0.00000E+00
1131.010 0.00000E+00
1153.630 0.00000E+00
1176.250 0.00000E+00
1198.871 0.00000E+00
1221.491 0.00000E+00
1221.491 0.00000E+00
1264.103 0.00000E+00
1306.716 0.00000E+00
1349.328 0.00000E+00
1391.941 0.00000E+00
1434.554 0.00000E+00
1477.166 0.00000E+00
1519.779 0.00000E+00
1562.391 0.00000E+00
1605.004 0.00000E+00
1647.617 0.00000E+00
1690.229 0.00000E+00
1732.842 0.00000E+00
1775.454 0.00000E+00
1818.067 0.00000E+00
1860.679 0.00000E+00
1903.292 0.00000E+00
1945.905 0.00000E+00
1988.517 0.00000E+00
2031.130 0.00000E+00
2073.742 0.00000E+00
2116.355 0.00000E+00
2158.968 0.00000E+00
2201.580 0.00000E+00
2244.193 0.00000E+00
2286.805 0.00000E+00
2329.418 0.00000E+00
2372.031 0.00000E+00
2414.643 0.00000E+00
2457.256 0.00000E+00
2499.868 0.00000E+00
2542.481 0.00000E+00
2585.094 0.00000E+00
2627.706 0.00000E+00
2670.319 0.00000E+00
2712.931 0.00000E+00
2755.544 0.00000E+00
2798.156 0.00000E+00
2840.769 0.00000E+00
2883.382 0.00000E+00
2925.994 0.00000E+00
2968.607 0.00000E+00
3011.219 0.00000E+00
3053.832 0.00000E+00
3096.444 0.00000E+00
3139.057 0.00000E+00
3181.670 0.00000E+00
3224.282 0.00000E+00
3266.895 0.00000E+00
3309.508 0.00000E+00
3352.120 0.00000E+00
3394.733 0.00000E+00
3437.345 0.00000E+00
3479.958 0.00000E+00
3479.958 0.80427E+00
3517.468 0.99510E+00
3554.979 0.11587E+01
3592.490 0.12908E+01
3630.000 0.13879E+01
3630.000 0.13879E+01
3662.833 0.14397E+01
3695.667 0.14602E+01
3728.500 0.14475E+01
3761.333 0.14010E+01
3794.167 0.13215E+01
3827.000 0.12115E+01
3859.833 0.10755E+01
3892.667 0.91988E+00
3925.500 0.75337E+00
3958.333 0.58630E+00
3991.167 0.43053E+00
4024.000 0.29875E+00
4056.833 0.20380E+00
4089.667 0.15786E+00
4122.500 0.17152E+00
4155.333 0.25285E+00
4188.167 0.40664E+00
4221.000 0.63361E+00
4253.833 0.92997E+00
4286.667 0.12872E+01
4319.500 0.16923E+01
4352.333 0.21279E+01
4385.167 0.25735E+01
4418.000 0.30064E+01
4450.833 0.34031E+01
4483.667 0.37408E+01
4516.500 0.39993E+01
4549.333 0.41623E+01
4582.167 0.42187E+01
4615.000 0.41637E+01
4647.833 0.39996E+01
4680.667 0.37351E+01
4713.500 0.33856E+01
4746.333 0.29716E+01
4779.167 0.25172E+01
4812.000 0.20485E+01
4844.833 0.15911E+01
4877.667 0.11683E+01
4910.500 0.79932E+00
4943.333 0.49755E+00
4976.167 0.26980E+00
5009.000 0.11606E+00
5041.833 0.29953E-01
5074.667 -0.13296E-03
5107.500 0.10688E-01
5140.333 0.45859E-01
5173.167 0.89590E-01
5206.000 0.12893E+00
5238.833 0.15543E+00
5271.667 0.16618E+00
5304.500 0.16400E+00
5337.333 0.15685E+00
5370.167 0.15635E+00
5403.000 0.17568E+00
5435.833 0.22705E+00
5468.667 0.31917E+00
5501.500 0.45503E+00
5534.333 0.63036E+00
5567.167 0.83317E+00
5600.000 0.10444E+01
5600.000 0.10444E+01
5625.250 0.12901E+01
5650.500 0.15075E+01
5675.750 0.16807E+01
5701.000 0.17963E+01
5701.000 0.13363E+01
5724.333 0.12461E+01
5747.667 0.11354E+01
5771.000 0.10092E+01
5771.000 0.10092E+01
5796.000 0.74367E+00
5821.000 0.49354E+00
5846.000 0.30268E+00
5871.000 0.21711E+00
5896.000 0.27941E+00
5921.000 0.52232E+00
5946.000 0.96219E+00
5971.000 0.15935E+01
5971.000 0.19418E+01
5993.500 0.26621E+01
6016.000 0.33875E+01
6038.500 0.40676E+01
6061.000 0.46535E+01
6083.500 0.51023E+01
6106.000 0.53809E+01
6128.500 0.54688E+01
6151.000 0.53607E+01
6151.000 0.60682E+01
6174.333 0.57029E+01
6197.667 0.50872E+01
6221.000 0.42977E+01
6244.333 0.34201E+01
6267.667 0.25386E+01
6291.000 0.17272E+01
6291.000 0.17283E+01
6309.543 0.11763E+01
6328.086 0.72035E+00
6346.629 0.37129E+00
6346.629 0.33564E+00
6351.314 0.26714E+00
6356.000 0.20561E+00
6356.000 0.16814E+00
6362.000 0.10776E+00
6368.000 0.59580E-01
6368.000 0.00000E+00
6369.500 0.00000E+00
6371.000 0.00000E+00
