0.000 0.00000E+00
22.620 0.00000E+00
45.240 0.00000E+00
67.861 0.00000E+00
90.481 0.00000E+00
113.101 0.00000E+00
135.721 0.00000E+00
158.341 0.00000E+00
180.962 0.00000E+00
203.582 0.00000E+00
226.202 0.00000E+00
248.822 0.00000E+00
271.442 0.00000E+00
294.063 0.00000E+00
316.683 0.00000E+00
339.303 0.00000E+00
361.923 0.00000E+00
384.543 0.00000E+00
407.164 0.00000E+00
429.784 0.00000E+00
452.404 0.00000E+00
475.024 0.00000E+00
497.644 0.00000E+00
520.265 0.00000E+00
542.885 0.00000E+00
565.505 0.00000E+00
588.125 0.00000E+00
610.745 0.00000E+00
633.366 0.00000E+00
655.986 0.00000E+00
678.606 0.00000E+00
701.226 0.00000E+00
723.846 0.00000E+00
746.467 0.00000E+00
769.087 0.00000E+00
791.707 0.00000E+00
814.327 0.00000E+00
836.947 0.00000E+00
859.568 0.00000E+00
882.188 0.00000E+00
904.808 0.00000E+00
927.428 0.00000E+00
950.048 0.00000E+00
972.669 0.00000E+00
995.289 0.00000E+00
1017.909 0.00000E+00
1040.529 0.00000E+00
1063.149 0.00000E+00
1085.770 0.00000E+00
1108.390 0.00000E+00
1131.010 0.00000E+00
1153.630 0.00000E+00
1176.250 0.00000E+00
1198.871 0.00000E+00
1221.491 0.18513E-03
1221.491 0.00000E+00
1264.103 0.00000E+00
1306.716 0.00000E+00
1349.328 0.00000E+00
1391.941 0.00000E+00
1434.554 0.00000E+00
1477.166 0.00000E+00
1519.779 0.00000E+00
1562.391 0.00000E+00
1605.004 0.00000E+00
1647.617 0.00000E+00
1690.229 0.00000E+00
1732.842 0.00000E+00
1775.454 0.00000E+00
1818.067 0.00000E+00
1860.679 0.00000E+00
1903.292 0.00000E+00
1945.905 0.00000E+00
1988.517 0.00000E+00
2031.130 0.00000E+00
2073.742 0.00000E+00
2116.355 0.00000E+00
2158.968 0.00000E+00
2201.580 0.00000E+00
2244.193 0.00000E+00
2286.805 0.00000E+00
2329.418 0.00000E+00
2372.031 0.00000E+00
2414.643 0.00000E+00
2457.256 0.00000E+00
2499.868 0.00000E+00
2542.481 0.00000E+00
2585.094 -0.00000E+00
2627.706 -0.00000E+00
2670.319 -0.00000E+00
2712.931 -0.00000E+00
2755.544 -0.00000E+00
2798.156 -0.00000E+00
2840.769 -0.00000E+00
2883.382 -0.00000E+00
2925.994 -0.00000E+00
2968.607 -0.00000E+00
3011.219 -0.00000E+00
3053.832 -0.00000E+00
3096.444 -0.00000E+00
3139.057 -0.00000E+00
3181.670 -0.00000E+00
3224.282 0.00000E+00
3266.895 0.00000E+00
3309.508 0.00000E+00
3352.120 0.00000E+00
3394.733 0.00000E+00
3437.345 0.00000E+00
3479.958 0.00000E+00
3479.958 0.11074E+01
3517.468 0.16574E+01
3554.979 0.22232E+01
3592.490 0.27610E+01
3630.000 0.32291E+01
3630.000 0.32291E+01
3662.833 0.35464E+01
3695.667 0.37675E+01
3728.500 0.38846E+01
3761.333 0.38983E+01
3794.167 0.38176E+01
3827.000 0.36588E+01
3859.833 0.34434E+01
3892.667 0.31965E+01
3925.500 0.29433E+01
3958.333 0.27074E+01
3991.167 0.25077E+01
4024.000 0.23575E+01
4056.833 0.22627E+01
4089.667 0.22219E+01
4122.500 0.22273E+01
4155.333 0.22657E+01
4188.167 0.23207E+01
4221.000 0.23750E+01
4253.833 0.24128E+01
4286.667 0.24215E+01
4319.500 0.23938E+01
4352.333 0.23281E+01
4385.167 0.22290E+01
4418.000 0.21058E+01
4450.833 0.19719E+01
4483.667 0.18421E+01
4516.500 0.17308E+01
4549.333 0.16500E+01
4582.167 0.16073E+01
4615.000 0.16049E+01
4647.833 0.16393E+01
4680.667 0.17020E+01
4713.500 0.17805E+01
4746.333 0.18604E+01
4779.167 0.19271E+01
4812.000 0.19683E+01
4844.833 0.19756E+01
4877.667 0.19456E+01
4910.500 0.18804E+01
4943.333 0.17868E+01
4976.167 0.16756E+01
5009.000 0.15589E+01
5041.833 0.14490E+01
5074.667 0.13557E+01
5107.500 0.12852E+01
5140.333 0.12390E+01
5173.167 0.12145E+01
5206.000 0.12053E+01
5238.833 0.12038E+01
5271.667 0.12027E+01
5304.500 0.11976E+01
5337.333 0.11889E+01
5370.167 0.11821E+01
5403.000 0.11880E+01
5435.833 0.12209E+01
5468.667 0.12957E+01
5501.500 0.14248E+01
5534.333 0.16140E+01
5567.167 0.18593E+01
5600.000 0.21455E+01
5600.000 0.21455E+01
5625.250 0.23893E+01
5650.500 0.26435E+01
5675.750 0.28897E+01
5701.000 0.31049E+01
5701.000 0.37887E+01
5724.333 0.39096E+01
5747.667 0.39042E+01
5771.000 0.37612E+01
5771.000 0.37612E+01
5796.000 0.35525E+01
5821.000 0.31819E+01
5846.000 0.26710E+01
5871.000 0.20654E+01
5896.000 0.14335E+01
5921.000 0.86147E+00
5946.000 0.44402E+00
5971.000 0.27117E+00
5971.000 0.22876E+00
5993.500 0.34397E+00
6016.000 0.73574E+00
6038.500 0.13761E+01
6061.000 0.22050E+01
6083.500 0.31362E+01
6106.000 0.40662E+01
6128.500 0.48870E+01
6151.000 0.54994E+01
6151.000 0.62517E+01
6174.333 0.65836E+01
6197.667 0.64546E+01
6221.000 0.58804E+01
6244.333 0.49440E+01
6267.667 0.37844E+01
6291.000 0.25753E+01
6291.000 0.25004E+01
6309.543 0.16588E+01
6328.086 0.97735E+00
6346.629 0.51777E+00
6346.629 0.46179E+00
6351.314 0.36994E+00
6356.000 0.29743E+00
6356.000 0.27009E+00
6362.000 0.18317E+00
6368.000 0.14308E+00
6368.000 0.00000E+00
6369.500 0.00000E+00
6371.000 0.00000E+00
