0.000 0.00000E+00
22.620 0.00000E+00
45.240 0.00000E+00
67.861 0.00000E+00
90.481 0.00000E+00
113.101 0.00000E+00
135.721 0.00000E+00
158.341 0.00000E+00
180.962 0.00000E+00
203.582 0.00000E+00
226.202 0.00000E+00
248.822 0.00000E+00
271.442 0.00000E+00
294.063 0.00000E+00
316.683 0.00000E+00
339.303 0.00000E+00
361.923 0.00000E+00
384.543 0.00000E+00
407.164 0.00000E+00
429.784 0.00000E+00
452.404 0.00000E+00
475.024 0.00000E+00
497.644 0.00000E+00
520.265 0.00000E+00
542.885 0.00000E+00
565.505 0.00000E+00
588.125 0.00000E+00
610.745 0.00000E+00
633.366 0.00000E+00
655.986 0.00000E+00
678.606 0.00000E+00
701.226 0.00000E+00
723.846 0.00000E+00
746.467 0.00000E+00
769.087 0.00000E+00
791.707 0.00000E+00
814.327 0.00000E+00
836.947 0.00000E+00
859.568 0.00000E+00
882.188 0.00000E+00
904.808 0.00000E+00
927.428 0.00000E+00
950.048 0.00000E+00
972.669 0.00000E+00
995.289 0.00000E+00
1017.909 0.00000E+00
1040.529 0.00000E+00
1063.149 0.00000E+00
1085.770 0.00000E+00
1108.390 0.00000E+00
1131.010 0.00000E+00
1153.630 0.00000E+00
1176.250 0.00000E+00
1198.871 0.00000E+00
1221.491 0.00000E+00
1221.491 0.00000E+00
1264.103 0.00000E+00
1306.716 0.00000E+00
1349.328 0.00000E+00
1391.941 0.00000E+00
1434.554 0.00000E+00
1477.166 0.00000E+00
1519.779 0.00000E+00
1562.391 0.00000E+00
1605.004 0.00000E+00
1647.617 0.00000E+00
1690.229 0.00000E+00
1732.842 0.00000E+00
1775.454 0.00000E+00
1818.067 0.00000E+00
1860.679 0.00000E+00
1903.292 0.00000E+00
1945.905 0.00000E+00
1988.517 0.00000E+00
2031.130 0.00000E+00
2073.742 0.00000E+00
2116.355 0.00000E+00
2158.968 0.00000E+00
2201.580 0.00000E+00
2244.193 0.00000E+00
2286.805 0.00000E+00
2329.418 0.00000E+00
2372.031 0.00000E+00
2414.643 0.00000E+00
2457.256 0.00000E+00
2499.868 0.00000E+00
2542.481 0.00000E+00
2585.094 0.00000E+00
2627.706 0.00000E+00
2670.319 0.00000E+00
2712.931 0.00000E+00
2755.544 0.00000E+00
2798.156 0.00000E+00
2840.769 0.00000E+00
2883.382 0.00000E+00
2925.994 0.00000E+00
2968.607 0.00000E+00
3011.219 0.00000E+00
3053.832 0.00000E+00
3096.444 0.00000E+00
3139.057 0.00000E+00
3181.670 0.00000E+00
3224.282 0.00000E+00
3266.895 0.00000E+00
3309.508 0.00000E+00
3352.120 0.00000E+00
3394.733 0.00000E+00
3437.345 0.00000E+00
3479.958 0.00000E+00
3479.958 0.48612E+00
3517.468 -0.44003E+00
3554.979 0.24026E+01
3592.490 0.61548E+01
3630.000 0.95173E+01
3630.000 0.95173E+01
3662.833 0.11787E+02
3695.667 0.13328E+02
3728.500 0.14201E+02
3761.333 0.14514E+02
3794.167 0.14390E+02
3827.000 0.13942E+02
3859.833 0.13272E+02
3892.667 0.12458E+02
3925.500 0.11566E+02
3958.333 0.10642E+02
3991.167 0.97218E+01
4024.000 0.88298E+01
4056.833 0.79820E+01
4089.667 0.71882E+01
4122.500 0.64538E+01
4155.333 0.57806E+01
4188.167 0.51680E+01
4221.000 0.46139E+01
4253.833 0.41152E+01
4286.667 0.36681E+01
4319.500 0.32688E+01
4352.333 0.29130E+01
4385.167 0.25969E+01
4418.000 0.23166E+01
4450.833 0.20684E+01
4483.667 0.18491E+01
4516.500 0.16556E+01
4549.333 0.14851E+01
4582.167 0.13350E+01
4615.000 0.12030E+01
4647.833 0.10870E+01
4680.667 0.98502E+00
4713.500 0.89539E+00
4746.333 0.81648E+00
4779.167 0.74682E+00
4812.000 0.68508E+00
4844.833 0.63003E+00
4877.667 0.58051E+00
4910.500 0.53550E+00
4943.333 0.49403E+00
4976.167 0.45524E+00
5009.000 0.41838E+00
5041.833 0.38276E+00
5074.667 0.34784E+00
5107.500 0.31318E+00
5140.333 0.27848E+00
5173.167 0.24358E+00
5206.000 0.20852E+00
5238.833 0.17347E+00
5271.667 0.13883E+00
5304.500 0.10520E+00
5337.333 0.73398E-01
5370.167 0.44464E-01
5403.000 0.19670E-01
5435.833 0.50964E-03
5468.667 -0.11310E-01
5501.500 -0.13884E-01
5534.333 -0.51408E-02
5567.167 0.17127E-01
5600.000 0.55216E-01
5600.000 0.55216E-01
5625.250 0.98946E-01
5650.500 0.15490E+00
5675.750 0.22399E+00
5701.000 0.30694E+00
5701.000 0.30935E+00
5724.333 0.39059E+00
5747.667 0.48308E+00
5771.000 0.58652E+00
5771.000 0.58652E+00
5796.000 0.70553E+00
5821.000 0.83294E+00
5846.000 0.96676E+00
5871.000 0.11045E+01
5896.000 0.12434E+01
5921.000 0.13800E+01
5946.000 0.15106E+01
5971.000 0.16314E+01
5971.000 0.15909E+01
5993.500 0.16924E+01
6016.000 0.17819E+01
6038.500 0.18572E+01
6061.000 0.19160E+01
6083.500 0.19567E+01
6106.000 0.19777E+01
6128.500 0.19782E+01
6151.000 0.19578E+01
6151.000 0.18622E+01
6174.333 0.18089E+01
6197.667 0.17330E+01
6221.000 0.16365E+01
6244.333 0.15221E+01
6267.667 0.13929E+01
6291.000 0.12526E+01
6291.000 0.12602E+01
6309.543 0.11422E+01
6328.086 0.10216E+01
6346.629 0.90034E+00
6346.629 0.59411E+00
6351.314 0.56898E+00
6356.000 0.54395E+00
6356.000 0.38221E+00
6362.000 0.35612E+00
6368.000 0.33106E+00
6368.000 0.00000E+00
6369.500 0.00000E+00
6371.000 0.00000E+00
