0.000 0.00000E+00
22.620 0.00000E+00
45.240 0.00000E+00
67.861 0.00000E+00
90.481 0.00000E+00
113.101 0.00000E+00
135.721 0.00000E+00
158.341 0.00000E+00
180.962 0.00000E+00
203.582 0.00000E+00
226.202 0.00000E+00
248.822 0.00000E+00
271.442 0.00000E+00
294.063 0.00000E+00
316.683 0.00000E+00
339.303 0.00000E+00
361.923 0.00000E+00
384.543 0.00000E+00
407.164 0.00000E+00
429.784 0.00000E+00
452.404 0.00000E+00
475.024 0.00000E+00
497.644 0.00000E+00
520.265 0.00000E+00
542.885 0.00000E+00
565.505 0.00000E+00
588.125 0.00000E+00
610.745 0.00000E+00
633.366 0.00000E+00
655.986 0.00000E+00
678.606 0.00000E+00
701.226 0.00000E+00
723.846 0.00000E+00
746.467 0.00000E+00
769.087 0.00000E+00
791.707 0.00000E+00
814.327 0.00000E+00
836.947 0.00000E+00
859.568 0.00000E+00
882.188 0.00000E+00
904.808 0.00000E+00
927.428 0.00000E+00
950.048 0.00000E+00
972.669 0.00000E+00
995.289 0.00000E+00
1017.909 0.00000E+00
1040.529 0.00000E+00
1063.149 0.00000E+00
1085.770 0.00000E+00
1108.390 0.00000E+00
1131.010 0.00000E+00
1153.630 0.44553E-05
1176.250 0.56216E-05
1198.871 0.93554E-05
1221.491 0.16455E-04
1221.491 0.00000E+00
1264.103 0.00000E+00
1306.716 0.00000E+00
1349.328 0.00000E+00
1391.941 0.00000E+00
1434.554 0.00000E+00
1477.166 0.00000E+00
1519.779 0.00000E+00
1562.391 0.00000E+00
1605.004 0.00000E+00
1647.617 0.00000E+00
1690.229 0.00000E+00
1732.842 0.00000E+00
1775.454 0.00000E+00
1818.067 0.00000E+00
1860.679 0.00000E+00
1903.292 0.00000E+00
1945.905 0.00000E+00
1988.517 0.00000E+00
2031.130 0.00000E+00
2073.742 0.00000E+00
2116.355 0.00000E+00
2158.968 0.00000E+00
2201.580 0.00000E+00
2244.193 0.00000E+00
2286.805 0.00000E+00
2329.418 0.00000E+00
2372.031 0.00000E+00
2414.643 0.00000E+00
2457.256 0.00000E+00
2499.868 0.00000E+00
2542.481 0.00000E+00
2585.094 0.00000E+00
2627.706 0.00000E+00
2670.319 0.00000E+00
2712.931 0.00000E+00
2755.544 0.00000E+00
2798.156 -0.00000E+00
2840.769 -0.00000E+00
2883.382 -0.00000E+00
2925.994 -0.00000E+00
2968.607 -0.00000E+00
3011.219 -0.00000E+00
3053.832 -0.00000E+00
3096.444 -0.00000E+00
3139.057 -0.00000E+00
3181.670 -0.00000E+00
3224.282 -0.00000E+00
3266.895 -0.00000E+00
3309.508 -0.00000E+00
3352.120 -0.00000E+00
3394.733 -0.00000E+00
3437.345 0.00000E+00
3479.958 0.00000E+00
3479.958 -0.20161E+00
3517.468 -0.33773E+00
3554.979 -0.40414E+00
3592.490 -0.37104E+00
3630.000 -0.21545E+00
3630.000 -0.21545E+00
3662.833 0.29494E-01
3695.667 0.37729E+00
3728.500 0.82078E+00
3761.333 0.13453E+01
3794.167 0.19293E+01
3827.000 0.25461E+01
3859.833 0.31652E+01
3892.667 0.37550E+01
3925.500 0.42847E+01
3958.333 0.47268E+01
3991.167 0.50593E+01
4024.000 0.52673E+01
4056.833 0.53439E+01
4089.667 0.52913E+01
4122.500 0.51198E+01
4155.333 0.48478E+01
4188.167 0.44993E+01
4221.000 0.41026E+01
4253.833 0.36875E+01
4286.667 0.32830E+01
4319.500 0.29152E+01
4352.333 0.26048E+01
4385.167 0.23658E+01
4418.000 0.22046E+01
4450.833 0.21199E+01
4483.667 0.21031E+01
4516.500 0.21398E+01
4549.333 0.22109E+01
4582.167 0.22957E+01
4615.000 0.23730E+01
4647.833 0.24242E+01
4680.667 0.24345E+01
4713.500 0.23945E+01
4746.333 0.23011E+01
4779.167 0.21571E+01
4812.000 0.19712E+01
4844.833 0.17563E+01
4877.667 0.15283E+01
4910.500 0.13043E+01
4943.333 0.11006E+01
4976.167 0.93150E+00
5009.000 0.80756E+00
5041.833 0.73537E+00
5074.667 0.71719E+00
5107.500 0.75135E+00
5140.333 0.83311E+00
5173.167 0.95569E+00
5206.000 0.11115E+01
5238.833 0.12930E+01
5271.667 0.14938E+01
5304.500 0.17086E+01
5337.333 0.19333E+01
5370.167 0.21640E+01
5403.000 0.23964E+01
5435.833 0.26248E+01
5468.667 0.28408E+01
5501.500 0.30330E+01
5534.333 0.31871E+01
5567.167 0.32869E+01
5600.000 0.33157E+01
5600.000 0.33157E+01
5625.250 0.33330E+01
5650.500 0.33053E+01
5675.750 0.32228E+01
5701.000 0.30776E+01
5701.000 0.39977E+01
5724.333 0.36682E+01
5747.667 0.32543E+01
5771.000 0.27779E+01
5771.000 0.27780E+01
5796.000 0.22891E+01
5821.000 0.17658E+01
5846.000 0.12577E+01
5871.000 0.82453E+00
5896.000 0.53103E+00
5921.000 0.43989E+00
5946.000 0.60334E+00
5971.000 0.10538E+01
5971.000 0.10588E+01
5993.500 0.17390E+01
6016.000 0.25901E+01
6038.500 0.35463E+01
6061.000 0.45280E+01
6083.500 0.54488E+01
6106.000 0.62235E+01
6128.500 0.67776E+01
6151.000 0.70546E+01
6151.000 0.80305E+01
6174.333 0.79350E+01
6197.667 0.74080E+01
6221.000 0.65092E+01
6244.333 0.53432E+01
6267.667 0.40483E+01
6291.000 0.27786E+01
6291.000 0.27044E+01
6309.543 0.18482E+01
6328.086 0.11621E+01
6346.629 0.69444E+00
6346.629 0.57929E+00
6351.314 0.48437E+00
6356.000 0.40812E+00
6356.000 0.34767E+00
6362.000 0.25664E+00
6368.000 0.21111E+00
6368.000 0.00000E+00
6369.500 0.00000E+00
6371.000 0.00000E+00
