0.000 0.00000E+00
22.620 0.00000E+00
45.240 0.00000E+00
67.861 0.00000E+00
90.481 0.00000E+00
113.101 0.00000E+00
135.721 0.00000E+00
158.341 0.00000E+00
180.962 0.00000E+00
203.582 0.00000E+00
226.202 0.00000E+00
248.822 0.00000E+00
271.442 0.00000E+00
294.063 0.00000E+00
316.683 0.00000E+00
339.303 0.00000E+00
361.923 0.00000E+00
384.543 0.00000E+00
407.164 0.00000E+00
429.784 0.00000E+00
452.404 0.00000E+00
475.024 0.00000E+00
497.644 0.00000E+00
520.265 0.00000E+00
542.885 0.00000E+00
565.505 0.00000E+00
588.125 0.00000E+00
610.745 0.00000E+00
633.366 0.00000E+00
655.986 0.00000E+00
678.606 0.00000E+00
701.226 0.00000E+00
723.846 0.00000E+00
746.467 0.00000E+00
769.087 0.00000E+00
791.707 0.00000E+00
814.327 0.00000E+00
836.947 0.00000E+00
859.568 0.00000E+00
882.188 0.00000E+00
904.808 0.00000E+00
927.428 0.00000E+00
950.048 0.00000E+00
972.669 0.00000E+00
995.289 0.00000E+00
1017.909 0.00000E+00
1040.529 0.00000E+00
1063.149 0.00000E+00
1085.770 0.00000E+00
1108.390 0.00000E+00
1131.010 0.00000E+00
1153.630 0.00000E+00
1176.250 0.00000E+00
1198.871 0.00000E+00
1221.491 0.00000E+00
1221.491 0.00000E+00
1264.103 0.00000E+00
1306.716 0.00000E+00
1349.328 0.00000E+00
1391.941 0.00000E+00
1434.554 0.00000E+00
1477.166 0.00000E+00
1519.779 0.00000E+00
1562.391 0.00000E+00
1605.004 0.00000E+00
1647.617 0.00000E+00
1690.229 0.00000E+00
1732.842 0.00000E+00
1775.454 0.00000E+00
1818.067 0.00000E+00
1860.679 0.00000E+00
1903.292 0.00000E+00
1945.905 0.00000E+00
1988.517 0.00000E+00
2031.130 0.00000E+00
2073.742 0.00000E+00
2116.355 0.00000E+00
2158.968 0.00000E+00
2201.580 0.00000E+00
2244.193 0.00000E+00
2286.805 0.00000E+00
2329.418 0.00000E+00
2372.031 0.00000E+00
2414.643 0.00000E+00
2457.256 0.00000E+00
2499.868 0.00000E+00
2542.481 0.00000E+00
2585.094 0.00000E+00
2627.706 0.00000E+00
2670.319 0.00000E+00
2712.931 0.00000E+00
2755.544 0.00000E+00
2798.156 0.00000E+00
2840.769 0.00000E+00
2883.382 0.00000E+00
2925.994 0.00000E+00
2968.607 0.00000E+00
3011.219 0.00000E+00
3053.832 0.00000E+00
3096.444 0.00000E+00
3139.057 0.00000E+00
3181.670 0.00000E+00
3224.282 0.00000E+00
3266.895 0.00000E+00
3309.508 0.00000E+00
3352.120 0.00000E+00
3394.733 0.00000E+00
3437.345 -0.00000E+00
3479.958 -0.00000E+00
3479.958 0.17191E+01
3517.468 0.17875E+01
3554.979 0.17216E+01
3592.490 0.15282E+01
3630.000 0.12329E+01
3630.000 0.12329E+01
3662.833 0.92367E+00
3695.667 0.60874E+00
3728.500 0.33077E+00
3761.333 0.13242E+00
3794.167 0.50191E-01
3827.000 0.10835E+00
3859.833 0.31391E+00
3892.667 0.65365E+00
3925.500 0.10940E+01
3958.333 0.15840E+01
3991.167 0.20618E+01
4024.000 0.24630E+01
4056.833 0.27306E+01
4089.667 0.28243E+01
4122.500 0.27279E+01
4155.333 0.24526E+01
4188.167 0.20364E+01
4221.000 0.15382E+01
4253.833 0.10280E+01
4286.667 0.57482E+00
4319.500 0.23468E+00
4352.333 0.40306E-01
4385.167 -0.42458E-02
4418.000 0.76758E-01
4450.833 0.23712E+00
4483.667 0.42013E+00
4516.500 0.57266E+00
4549.333 0.65894E+00
4582.167 0.67067E+00
4615.000 0.63089E+00
4647.833 0.59014E+00
4680.667 0.61523E+00
4713.500 0.77266E+00
4746.333 0.11103E+01
4779.167 0.16413E+01
4812.000 0.23348E+01
4844.833 0.31161E+01
4877.667 0.38760E+01
4910.500 0.44905E+01
4943.333 0.48437E+01
4976.167 0.48516E+01
5009.000 0.44803E+01
5041.833 0.37539E+01
5074.667 0.27506E+01
5107.500 0.15876E+01
5140.333 0.39794E+00
5173.167 -0.69518E+00
5206.000 -0.16009E+01
5238.833 -0.22743E+01
5271.667 -0.27182E+01
5304.500 -0.29735E+01
5337.333 -0.31014E+01
5370.167 -0.31613E+01
5403.000 -0.31923E+01
5435.833 -0.32016E+01
5468.667 -0.31631E+01
5501.500 -0.30265E+01
5534.333 -0.27327E+01
5567.167 -0.22312E+01
5600.000 -0.14959E+01
5600.000 -0.14959E+01
5625.250 -0.72235E+00
5650.500 0.16894E+00
5675.750 0.11534E+01
5701.000 0.22000E+01
5701.000 0.24731E+01
5724.333 0.34785E+01
5747.667 0.44278E+01
5771.000 0.52578E+01
5771.000 0.52578E+01
5796.000 0.60822E+01
5821.000 0.66537E+01
5846.000 0.68692E+01
5871.000 0.66442E+01
5896.000 0.59386E+01
5921.000 0.47815E+01
5946.000 0.32862E+01
5971.000 0.16478E+01
5971.000 0.18186E+01
5993.500 0.32503E+00
6016.000 -0.83181E+00
6038.500 -0.15164E+01
6061.000 -0.16779E+01
6083.500 -0.13575E+01
6106.000 -0.67695E+00
6128.500 0.18930E+00
6151.000 0.10524E+01
6151.000 0.12711E+01
6174.333 0.21547E+01
6197.667 0.25839E+01
6221.000 0.25454E+01
6244.333 0.21421E+01
6267.667 0.15423E+01
6291.000 0.92127E+00
6291.000 0.91914E+00
6309.543 0.50668E+00
6328.086 0.20662E+00
6346.629 0.38028E-01
6346.629 0.39466E-01
6351.314 0.16816E-01
6356.000 0.22219E-02
6356.000 0.15690E-02
6362.000 -0.53942E-02
6368.000 -0.12984E-02
6368.000 0.00000E+00
6369.500 0.00000E+00
6371.000 0.00000E+00
