0.000 0.00000E+00
22.620 0.00000E+00
45.240 0.00000E+00
67.861 0.00000E+00
90.481 0.00000E+00
113.101 0.00000E+00
135.721 0.00000E+00
158.341 0.00000E+00
180.962 0.00000E+00
203.582 0.00000E+00
226.202 0.00000E+00
248.822 0.00000E+00
271.442 0.00000E+00
294.063 0.00000E+00
316.683 0.00000E+00
339.303 0.00000E+00
361.923 0.00000E+00
384.543 0.00000E+00
407.164 0.00000E+00
429.784 0.00000E+00
452.404 0.00000E+00
475.024 0.00000E+00
497.644 0.00000E+00
520.265 0.00000E+00
542.885 0.00000E+00
565.505 0.00000E+00
588.125 0.00000E+00
610.745 0.00000E+00
633.366 0.00000E+00
655.986 0.00000E+00
678.606 0.00000E+00
701.226 0.00000E+00
723.846 0.00000E+00
746.467 0.00000E+00
769.087 0.00000E+00
791.707 0.00000E+00
814.327 0.00000E+00
836.947 0.00000E+00
859.568 0.00000E+00
882.188 0.00000E+00
904.808 0.00000E+00
927.428 0.00000E+00
950.048 0.00000E+00
972.669 0.00000E+00
995.289 0.00000E+00
1017.909 0.00000E+00
1040.529 0.00000E+00
1063.149 0.00000E+00
1085.770 0.00000E+00
1108.390 0.00000E+00
1131.010 0.00000E+00
1153.630 0.00000E+00
1176.250 0.00000E+00
1198.871 0.00000E+00
1221.491 0.00000E+00
1221.491 0.00000E+00
1264.103 0.00000E+00
1306.716 0.00000E+00
1349.328 0.00000E+00
1391.941 0.00000E+00
1434.554 0.00000E+00
1477.166 0.00000E+00
1519.779 0.00000E+00
1562.391 0.00000E+00
1605.004 0.00000E+00
1647.617 0.00000E+00
1690.229 0.00000E+00
1732.842 0.00000E+00
1775.454 0.00000E+00
1818.067 0.00000E+00
1860.679 0.00000E+00
1903.292 0.00000E+00
1945.905 0.00000E+00
1988.517 0.00000E+00
2031.130 0.00000E+00
2073.742 0.00000E+00
2116.355 0.00000E+00
2158.968 0.00000E+00
2201.580 0.00000E+00
2244.193 0.00000E+00
2286.805 0.00000E+00
2329.418 0.00000E+00
2372.031 0.00000E+00
2414.643 0.00000E+00
2457.256 0.00000E+00
2499.868 0.00000E+00
2542.481 0.00000E+00
2585.094 0.00000E+00
2627.706 0.00000E+00
2670.319 0.00000E+00
2712.931 0.00000E+00
2755.544 0.00000E+00
2798.156 0.00000E+00
2840.769 0.00000E+00
2883.382 0.00000E+00
2925.994 0.00000E+00
2968.607 0.00000E+00
3011.219 -0.00000E+00
3053.832 -0.00000E+00
3096.444 -0.00000E+00
3139.057 -0.00000E+00
3181.670 -0.00000E+00
3224.282 -0.00000E+00
3266.895 -0.00000E+00
3309.508 -0.00000E+00
3352.120 -0.00000E+00
3394.733 -0.00000E+00
3437.345 -0.00000E+00
3479.958 -0.00000E+00
3479.958 -0.14481E+00
3517.468 -0.13492E+00
3554.979 -0.10081E+00
3592.490 -0.34740E-01
3630.000 0.71443E-01
3630.000 0.71443E-01
3662.833 0.20118E+00
3695.667 0.36862E+00
3728.500 0.57381E+00
3761.333 0.81389E+00
3794.167 0.10829E+01
3827.000 0.13719E+01
3859.833 0.16693E+01
3892.667 0.19612E+01
3925.500 0.22325E+01
3958.333 0.24682E+01
3991.167 0.26536E+01
4024.000 0.27762E+01
4056.833 0.28265E+01
4089.667 0.27983E+01
4122.500 0.26899E+01
4155.333 0.25038E+01
4188.167 0.22466E+01
4221.000 0.19287E+01
4253.833 0.15634E+01
4286.667 0.11657E+01
4319.500 0.75131E+00
4352.333 0.33568E+00
4385.167 -0.67421E-01
4418.000 -0.44658E+00
4450.833 -0.79336E+00
4483.667 -0.11026E+01
4516.500 -0.13725E+01
4549.333 -0.16039E+01
4582.167 -0.17999E+01
4615.000 -0.19653E+01
4647.833 -0.21052E+01
4680.667 -0.22243E+01
4713.500 -0.23264E+01
4746.333 -0.24136E+01
4779.167 -0.24859E+01
4812.000 -0.25412E+01
4844.833 -0.25756E+01
4877.667 -0.25832E+01
4910.500 -0.25574E+01
4943.333 -0.24909E+01
4976.167 -0.23765E+01
5009.000 -0.22076E+01
5041.833 -0.19788E+01
5074.667 -0.16866E+01
5107.500 -0.13292E+01
5140.333 -0.90768E+00
5173.167 -0.42558E+00
5206.000 0.11026E+00
5238.833 0.68965E+00
5271.667 0.12987E+01
5304.500 0.19199E+01
5337.333 0.25320E+01
5370.167 0.31108E+01
5403.000 0.36297E+01
5435.833 0.40615E+01
5468.667 0.43793E+01
5501.500 0.45597E+01
5534.333 0.45840E+01
5567.167 0.44416E+01
5600.000 0.41310E+01
5600.000 0.41310E+01
5625.250 0.38533E+01
5650.500 0.34783E+01
5675.750 0.30146E+01
5701.000 0.24768E+01
5701.000 0.31618E+01
5724.333 0.24660E+01
5747.667 0.17393E+01
5771.000 0.10173E+01
5771.000 0.10173E+01
5796.000 0.30279E+00
5821.000 -0.35061E+00
5846.000 -0.89628E+00
5871.000 -0.12925E+01
5896.000 -0.15073E+01
5921.000 -0.15233E+01
5946.000 -0.13411E+01
5971.000 -0.98093E+00
5971.000 -0.88867E+00
5993.500 -0.43833E+00
6016.000 0.48527E-01
6038.500 0.52455E+00
6061.000 0.94727E+00
6083.500 0.12830E+01
6106.000 0.15098E+01
6128.500 0.16182E+01
6151.000 0.16118E+01
6151.000 0.18451E+01
6174.333 0.17187E+01
6197.667 0.14765E+01
6221.000 0.11676E+01
6244.333 0.84138E+00
6267.667 0.54004E+00
6291.000 0.29442E+00
6291.000 0.29253E+00
6309.543 0.15048E+00
6328.086 0.56628E-01
6346.629 0.98130E-02
6346.629 0.72029E-02
6351.314 0.18130E-02
6356.000 -0.94615E-03
6356.000 -0.16257E-02
6362.000 -0.21596E-02
6368.000 0.10197E-02
6368.000 0.00000E+00
6369.500 0.00000E+00
6371.000 0.00000E+00
