0.000 0.00000E+00
22.620 0.00000E+00
45.240 0.00000E+00
67.861 0.00000E+00
90.481 0.00000E+00
113.101 0.00000E+00
135.721 0.00000E+00
158.341 0.00000E+00
180.962 0.00000E+00
203.582 0.00000E+00
226.202 0.00000E+00
248.822 0.00000E+00
271.442 0.00000E+00
294.063 0.00000E+00
316.683 0.00000E+00
339.303 0.00000E+00
361.923 0.00000E+00
384.543 0.00000E+00
407.164 0.00000E+00
429.784 0.00000E+00
452.404 0.00000E+00
475.024 0.00000E+00
497.644 0.00000E+00
520.265 0.00000E+00
542.885 0.00000E+00
565.505 0.00000E+00
588.125 0.00000E+00
610.745 0.00000E+00
633.366 0.00000E+00
655.986 0.00000E+00
678.606 0.00000E+00
701.226 0.00000E+00
723.846 0.00000E+00
746.467 0.00000E+00
769.087 0.00000E+00
791.707 0.00000E+00
814.327 0.00000E+00
836.947 0.00000E+00
859.568 0.00000E+00
882.188 0.00000E+00
904.808 0.00000E+00
927.428 0.00000E+00
950.048 0.00000E+00
972.669 0.00000E+00
995.289 0.00000E+00
1017.909 0.00000E+00
1040.529 0.00000E+00
1063.149 0.00000E+00
1085.770 0.00000E+00
1108.390 0.00000E+00
1131.010 0.00000E+00
1153.630 0.00000E+00
1176.250 0.00000E+00
1198.871 0.00000E+00
1221.491 0.00000E+00
1221.491 0.00000E+00
1264.103 0.00000E+00
1306.716 0.00000E+00
1349.328 0.00000E+00
1391.941 0.00000E+00
1434.554 0.00000E+00
1477.166 0.00000E+00
1519.779 0.00000E+00
1562.391 0.00000E+00
1605.004 0.00000E+00
1647.617 0.00000E+00
1690.229 0.00000E+00
1732.842 0.00000E+00
1775.454 0.00000E+00
1818.067 0.00000E+00
1860.679 0.00000E+00
1903.292 0.00000E+00
1945.905 0.00000E+00
1988.517 0.00000E+00
2031.130 0.00000E+00
2073.742 0.00000E+00
2116.355 0.00000E+00
2158.968 0.00000E+00
2201.580 0.00000E+00
2244.193 0.00000E+00
2286.805 0.00000E+00
2329.418 0.00000E+00
2372.031 0.00000E+00
2414.643 0.00000E+00
2457.256 0.00000E+00
2499.868 0.00000E+00
2542.481 0.00000E+00
2585.094 0.00000E+00
2627.706 0.00000E+00
2670.319 0.00000E+00
2712.931 0.00000E+00
2755.544 0.00000E+00
2798.156 0.00000E+00
2840.769 0.00000E+00
2883.382 0.00000E+00
2925.994 0.00000E+00
2968.607 0.00000E+00
3011.219 0.00000E+00
3053.832 0.00000E+00
3096.444 0.00000E+00
3139.057 0.00000E+00
3181.670 0.00000E+00
3224.282 0.00000E+00
3266.895 0.00000E+00
3309.508 0.00000E+00
3352.120 0.00000E+00
3394.733 0.00000E+00
3437.345 0.00000E+00
3479.958 0.00000E+00
3479.958 0.22137E+01
3517.468 0.24807E+01
3554.979 0.26766E+01
3592.490 0.27935E+01
3630.000 0.28263E+01
3630.000 0.28263E+01
3662.833 0.27799E+01
3695.667 0.26678E+01
3728.500 0.24928E+01
3761.333 0.22607E+01
3794.167 0.19808E+01
3827.000 0.16657E+01
3859.833 0.13308E+01
3892.667 0.99432E+00
3925.500 0.67636E+00
3958.333 0.39801E+00
3991.167 0.18031E+00
4024.000 0.43025E-01
4056.833 0.33896E-02
4089.667 0.74833E-01
4122.500 0.26585E+00
4155.333 0.57905E+00
4188.167 0.10105E+01
4221.000 0.15493E+01
4253.833 0.21779E+01
4286.667 0.28724E+01
4319.500 0.36037E+01
4352.333 0.43387E+01
4385.167 0.50423E+01
4418.000 0.56789E+01
4450.833 0.62153E+01
4483.667 0.66221E+01
4516.500 0.68761E+01
4549.333 0.69615E+01
4582.167 0.68719E+01
4615.000 0.66100E+01
4647.833 0.61884E+01
4680.667 0.56284E+01
4713.500 0.49593E+01
4746.333 0.42157E+01
4779.167 0.34361E+01
4812.000 0.26595E+01
4844.833 0.19231E+01
4877.667 0.12599E+01
4910.500 0.69578E+00
4943.333 0.24855E+00
4976.167 -0.73591E-01
5009.000 -0.27210E+00
5041.833 -0.35758E+00
5074.667 -0.34844E+00
5107.500 -0.26889E+00
5140.333 -0.14651E+00
5173.167 -0.94556E-02
5206.000 0.11618E+00
5238.833 0.20885E+00
5271.667 0.25347E+00
5304.500 0.24262E+00
5337.333 0.17693E+00
5370.167 0.64607E-01
5403.000 -0.79889E-01
5435.833 -0.23776E+00
5468.667 -0.38827E+00
5501.500 -0.51124E+00
5534.333 -0.58938E+00
5567.167 -0.61019E+00
5600.000 -0.56713E+00
5600.000 -0.56714E+00
5625.250 -0.41621E+00
5650.500 -0.23272E+00
5675.750 -0.24316E-01
5701.000 0.20078E+00
5701.000 0.96009E-01
5724.333 0.16127E+00
5747.667 0.25877E+00
5771.000 0.39060E+00
5771.000 0.39063E+00
5796.000 0.49587E+00
5821.000 0.64267E+00
5846.000 0.85585E+00
5871.000 0.11628E+01
5896.000 0.15898E+01
5921.000 0.21580E+01
5946.000 0.28783E+01
5971.000 0.37464E+01
5971.000 0.40885E+01
5993.500 0.49747E+01
6016.000 0.58444E+01
6038.500 0.66491E+01
6061.000 0.73404E+01
6083.500 0.78738E+01
6106.000 0.82123E+01
6128.500 0.83297E+01
6151.000 0.82138E+01
6151.000 0.93243E+01
6174.333 0.88538E+01
6197.667 0.80694E+01
6221.000 0.70423E+01
6244.333 0.58630E+01
6267.667 0.46313E+01
6291.000 0.34462E+01
6291.000 0.34094E+01
6309.543 0.25831E+01
6328.086 0.18698E+01
6346.629 0.12939E+01
6346.629 0.10207E+01
6351.314 0.89359E+00
6356.000 0.77883E+00
6356.000 0.61076E+00
6362.000 0.48180E+00
6368.000 0.38490E+00
6368.000 0.00000E+00
6369.500 0.00000E+00
6371.000 0.00000E+00
