0.000 0.00000E+00
22.620 0.00000E+00
45.240 0.00000E+00
67.861 0.00000E+00
90.481 0.00000E+00
113.101 0.00000E+00
135.721 0.00000E+00
158.341 0.00000E+00
180.962 0.00000E+00
203.582 0.00000E+00
226.202 0.00000E+00
248.822 0.00000E+00
271.442 0.00000E+00
294.063 0.00000E+00
316.683 0.00000E+00
339.303 0.00000E+00
361.923 0.00000E+00
384.543 0.00000E+00
407.164 0.00000E+00
429.784 0.00000E+00
452.404 0.00000E+00
475.024 0.00000E+00
497.644 0.00000E+00
520.265 0.00000E+00
542.885 0.00000E+00
565.505 0.00000E+00
588.125 0.00000E+00
610.745 0.00000E+00
633.366 0.00000E+00
655.986 0.00000E+00
678.606 0.00000E+00
701.226 0.00000E+00
723.846 0.00000E+00
746.467 0.00000E+00
769.087 0.00000E+00
791.707 0.00000E+00
814.327 0.00000E+00
836.947 0.00000E+00
859.568 0.00000E+00
882.188 0.00000E+00
904.808 0.00000E+00
927.428 0.00000E+00
950.048 0.00000E+00
972.669 0.00000E+00
995.289 0.00000E+00
1017.909 0.00000E+00
1040.529 0.00000E+00
1063.149 0.00000E+00
1085.770 0.00000E+00
1108.390 0.00000E+00
1131.010 0.00000E+00
1153.630 0.00000E+00
1176.250 0.00000E+00
1198.871 0.00000E+00
1221.491 0.00000E+00
1221.491 0.00000E+00
1264.103 0.00000E+00
1306.716 0.00000E+00
1349.328 0.00000E+00
1391.941 0.00000E+00
1434.554 0.00000E+00
1477.166 0.00000E+00
1519.779 0.00000E+00
1562.391 0.00000E+00
1605.004 0.00000E+00
1647.617 0.00000E+00
1690.229 0.00000E+00
1732.842 0.00000E+00
1775.454 0.00000E+00
1818.067 0.00000E+00
1860.679 0.00000E+00
1903.292 0.00000E+00
1945.905 0.00000E+00
1988.517 0.00000E+00
2031.130 0.00000E+00
2073.742 0.00000E+00
2116.355 0.00000E+00
2158.968 0.00000E+00
2201.580 0.00000E+00
2244.193 0.00000E+00
2286.805 0.00000E+00
2329.418 0.00000E+00
2372.031 0.00000E+00
2414.643 0.00000E+00
2457.256 0.00000E+00
2499.868 0.00000E+00
2542.481 0.00000E+00
2585.094 0.00000E+00
2627.706 0.00000E+00
2670.319 0.00000E+00
2712.931 0.00000E+00
2755.544 0.00000E+00
2798.156 0.00000E+00
2840.769 0.00000E+00
2883.382 0.00000E+00
2925.994 0.00000E+00
2968.607 0.00000E+00
3011.219 0.00000E+00
3053.832 0.00000E+00
3096.444 0.00000E+00
3139.057 0.00000E+00
3181.670 0.00000E+00
3224.282 0.00000E+00
3266.895 0.00000E+00
3309.508 0.00000E+00
3352.120 0.00000E+00
3394.733 0.00000E+00
3437.345 0.00000E+00
3479.958 0.00000E+00
3479.958 0.00000E+00
3517.468 0.00000E+00
3554.979 0.00000E+00
3592.490 0.00000E+00
3630.000 0.28732E-06
3630.000 0.28732E-06
3662.833 0.56060E-06
3695.667 0.87139E-06
3728.500 0.13174E-05
3761.333 0.19677E-05
3794.167 0.29172E-05
3827.000 0.43013E-05
3859.833 0.63127E-05
3892.667 0.92244E-05
3925.500 0.13422E-04
3958.333 0.19446E-04
3991.167 0.28052E-04
4024.000 0.40293E-04
4056.833 0.57625E-04
4089.667 0.82055E-04
4122.500 0.11634E-03
4155.333 0.16423E-03
4188.167 0.23084E-03
4221.000 0.32308E-03
4253.833 0.45025E-03
4286.667 0.62482E-03
4319.500 0.86341E-03
4352.333 0.11881E-02
4385.167 0.16280E-02
4418.000 0.22215E-02
4450.833 0.30186E-02
4483.667 0.40848E-02
4516.500 0.55045E-02
4549.333 0.73867E-02
4582.167 0.98714E-02
4615.000 0.13137E-01
4647.833 0.17410E-01
4680.667 0.22976E-01
4713.500 0.30194E-01
4746.333 0.39512E-01
4779.167 0.51486E-01
4812.000 0.66803E-01
4844.833 0.86304E-01
4877.667 0.11101E+00
4910.500 0.14217E+00
4943.333 0.18126E+00
4976.167 0.23005E+00
5009.000 0.29065E+00
5041.833 0.36550E+00
5074.667 0.45746E+00
5107.500 0.56978E+00
5140.333 0.70618E+00
5173.167 0.87081E+00
5206.000 0.10682E+01
5238.833 0.13034E+01
5271.667 0.15815E+01
5304.500 0.19080E+01
5337.333 0.22882E+01
5370.167 0.27271E+01
5403.000 0.32290E+01
5435.833 0.37971E+01
5468.667 0.44328E+01
5501.500 0.51353E+01
5534.333 0.59002E+01
5567.167 0.67191E+01
5600.000 0.75783E+01
5600.000 0.75783E+01
5625.250 0.83081E+01
5650.500 0.90517E+01
5675.750 0.97949E+01
5701.000 0.10521E+02
5701.000 0.11851E+02
5724.333 0.12591E+02
5747.667 0.13303E+02
5771.000 0.13955E+02
5771.000 0.13955E+02
5796.000 0.14741E+02
5821.000 0.15426E+02
5846.000 0.15979E+02
5871.000 0.16370E+02
5896.000 0.16567E+02
5921.000 0.16541E+02
5946.000 0.16269E+02
5971.000 0.15732E+02
5971.000 0.16802E+02
5993.500 0.16007E+02
6016.000 0.14956E+02
6038.500 0.13658E+02
6061.000 0.12133E+02
6083.500 0.10420E+02
6106.000 0.85720E+01
6128.500 0.66609E+01
6151.000 0.47759E+01
6151.000 0.55249E+01
6174.333 0.36740E+01
6197.667 0.20672E+01
6221.000 0.86079E+00
6244.333 0.22676E+00
6267.667 0.35258E+00
6291.000 0.14420E+01
6291.000 0.12667E+01
6309.543 0.29840E+01
6328.086 0.55957E+01
6346.629 0.92448E+01
6346.629 0.47394E+01
6351.314 0.55622E+01
6356.000 0.64351E+01
6356.000 0.42846E+01
6362.000 0.51821E+01
6368.000 0.61285E+01
6368.000 0.00000E+00
6369.500 0.00000E+00
6371.000 0.00000E+00
