0.000 0.00000E+00
22.620 0.00000E+00
45.240 0.00000E+00
67.861 0.00000E+00
90.481 0.00000E+00
113.101 0.00000E+00
135.721 0.00000E+00
158.341 0.00000E+00
180.962 0.00000E+00
203.582 0.00000E+00
226.202 0.00000E+00
248.822 0.00000E+00
271.442 0.00000E+00
294.063 0.00000E+00
316.683 0.00000E+00
339.303 0.00000E+00
361.923 0.00000E+00
384.543 0.00000E+00
407.164 0.00000E+00
429.784 0.00000E+00
452.404 0.00000E+00
475.024 0.00000E+00
497.644 0.00000E+00
520.265 0.00000E+00
542.885 0.00000E+00
565.505 0.00000E+00
588.125 0.00000E+00
610.745 0.00000E+00
633.366 0.00000E+00
655.986 0.00000E+00
678.606 0.00000E+00
701.226 0.00000E+00
723.846 0.00000E+00
746.467 0.00000E+00
769.087 0.00000E+00
791.707 0.00000E+00
814.327 0.00000E+00
836.947 0.00000E+00
859.568 0.00000E+00
882.188 0.00000E+00
904.808 0.00000E+00
927.428 0.00000E+00
950.048 0.00000E+00
972.669 0.00000E+00
995.289 0.00000E+00
1017.909 0.00000E+00
1040.529 0.00000E+00
1063.149 0.00000E+00
1085.770 0.00000E+00
1108.390 0.00000E+00
1131.010 0.00000E+00
1153.630 0.00000E+00
1176.250 0.00000E+00
1198.871 0.00000E+00
1221.491 0.00000E+00
1221.491 0.00000E+00
1264.103 0.00000E+00
1306.716 0.00000E+00
1349.328 0.00000E+00
1391.941 0.00000E+00
1434.554 0.00000E+00
1477.166 0.00000E+00
1519.779 0.00000E+00
1562.391 0.00000E+00
1605.004 0.00000E+00
1647.617 0.00000E+00
1690.229 0.00000E+00
1732.842 0.00000E+00
1775.454 0.00000E+00
1818.067 0.00000E+00
1860.679 0.00000E+00
1903.292 0.00000E+00
1945.905 0.00000E+00
1988.517 0.00000E+00
2031.130 0.00000E+00
2073.742 0.00000E+00
2116.355 0.00000E+00
2158.968 0.00000E+00
2201.580 0.00000E+00
2244.193 0.00000E+00
2286.805 0.00000E+00
2329.418 0.00000E+00
2372.031 0.00000E+00
2414.643 0.00000E+00
2457.256 0.00000E+00
2499.868 0.00000E+00
2542.481 0.00000E+00
2585.094 0.00000E+00
2627.706 0.00000E+00
2670.319 0.00000E+00
2712.931 0.00000E+00
2755.544 0.00000E+00
2798.156 0.00000E+00
2840.769 0.00000E+00
2883.382 0.00000E+00
2925.994 0.00000E+00
2968.607 0.00000E+00
3011.219 0.00000E+00
3053.832 0.00000E+00
3096.444 0.00000E+00
3139.057 -0.00000E+00
3181.670 -0.00000E+00
3224.282 -0.00000E+00
3266.895 -0.00000E+00
3309.508 -0.00000E+00
3352.120 -0.00000E+00
3394.733 -0.00000E+00
3437.345 -0.00000E+00
3479.958 -0.00000E+00
3479.958 0.12543E+01
3517.468 0.11009E+01
3554.979 0.87040E+00
3592.490 0.60135E+00
3630.000 0.34119E+00
3630.000 0.34119E+00
3662.833 0.16101E+00
3695.667 0.59625E-01
3728.500 0.64694E-01
3761.333 0.19600E+00
3794.167 0.46291E+00
3827.000 0.86262E+00
3859.833 0.13795E+01
3892.667 0.19858E+01
3925.500 0.26433E+01
3958.333 0.33063E+01
3991.167 0.39258E+01
4024.000 0.44537E+01
4056.833 0.48472E+01
4089.667 0.50731E+01
4122.500 0.51112E+01
4155.333 0.49562E+01
4188.167 0.46183E+01
4221.000 0.41220E+01
4253.833 0.35040E+01
4286.667 0.28091E+01
4319.500 0.20856E+01
4352.333 0.13807E+01
4385.167 0.73529E+00
4418.000 0.18071E+00
4450.833 -0.26401E+00
4483.667 -0.59318E+00
4516.500 -0.81373E+00
4549.333 -0.94311E+00
4582.167 -0.10059E+01
4615.000 -0.10296E+01
4647.833 -0.10409E+01
4680.667 -0.10614E+01
4713.500 -0.11050E+01
4746.333 -0.11767E+01
4779.167 -0.12721E+01
4812.000 -0.13790E+01
4844.833 -0.14798E+01
4877.667 -0.15548E+01
4910.500 -0.15847E+01
4943.333 -0.15540E+01
4976.167 -0.14526E+01
5009.000 -0.12766E+01
5041.833 -0.10279E+01
5074.667 -0.71254E+00
5107.500 -0.33901E+00
5140.333 0.83962E-01
5173.167 0.54907E+00
5206.000 0.10512E+01
5238.833 0.15869E+01
5271.667 0.21533E+01
5304.500 0.27451E+01
5337.333 0.33525E+01
5370.167 0.39585E+01
5403.000 0.45378E+01
5435.833 0.50569E+01
5468.667 0.54765E+01
5501.500 0.57555E+01
5534.333 0.58568E+01
5567.167 0.57529E+01
5600.000 0.54323E+01
5600.000 0.54323E+01
5625.250 0.51142E+01
5650.500 0.46574E+01
5675.750 0.40793E+01
5701.000 0.34086E+01
5701.000 0.38948E+01
5724.333 0.30978E+01
5747.667 0.23058E+01
5771.000 0.15647E+01
5771.000 0.15647E+01
5796.000 0.86350E+00
5821.000 0.29685E+00
5846.000 -0.95702E-01
5871.000 -0.29431E+00
5896.000 -0.30246E+00
5921.000 -0.14733E+00
5946.000 0.12377E+00
5971.000 0.45050E+00
5971.000 0.59735E+00
5993.500 0.86915E+00
6016.000 0.10735E+01
6038.500 0.11925E+01
6061.000 0.12233E+01
6083.500 0.11759E+01
6106.000 0.10684E+01
6128.500 0.92243E+00
6151.000 0.75806E+00
6151.000 0.79882E+00
6174.333 0.59164E+00
6197.667 0.39669E+00
6221.000 0.22273E+00
6244.333 0.72334E-01
6267.667 -0.50788E-01
6291.000 -0.13447E+00
6291.000 -0.15898E+00
6309.543 -0.17619E+00
6328.086 -0.13324E+00
6346.629 -0.10633E-01
6346.629 -0.95720E-01
6351.314 -0.60650E-01
6356.000 -0.17150E-01
6356.000 -0.23966E-01
6362.000 0.19490E-01
6368.000 0.82849E-01
6368.000 0.00000E+00
6369.500 0.00000E+00
6371.000 0.00000E+00
