0.000 0.00000E+00
22.620 0.00000E+00
45.240 0.00000E+00
67.861 0.00000E+00
90.481 0.00000E+00
113.101 0.00000E+00
135.721 0.00000E+00
158.341 0.00000E+00
180.962 0.00000E+00
203.582 0.00000E+00
226.202 0.00000E+00
248.822 0.00000E+00
271.442 0.00000E+00
294.063 0.00000E+00
316.683 0.00000E+00
339.303 0.00000E+00
361.923 0.00000E+00
384.543 0.00000E+00
407.164 0.00000E+00
429.784 0.00000E+00
452.404 0.00000E+00
475.024 0.00000E+00
497.644 0.00000E+00
520.265 0.00000E+00
542.885 0.00000E+00
565.505 0.00000E+00
588.125 0.00000E+00
610.745 0.00000E+00
633.366 0.00000E+00
655.986 0.00000E+00
678.606 0.00000E+00
701.226 0.00000E+00
723.846 0.00000E+00
746.467 0.00000E+00
769.087 0.00000E+00
791.707 0.00000E+00
814.327 0.00000E+00
836.947 0.00000E+00
859.568 0.00000E+00
882.188 0.00000E+00
904.808 0.00000E+00
927.428 0.00000E+00
950.048 0.00000E+00
972.669 0.00000E+00
995.289 0.00000E+00
1017.909 0.00000E+00
1040.529 0.00000E+00
1063.149 0.00000E+00
1085.770 0.00000E+00
1108.390 0.00000E+00
1131.010 0.00000E+00
1153.630 0.00000E+00
1176.250 0.00000E+00
1198.871 0.00000E+00
1221.491 0.00000E+00
1221.491 0.00000E+00
1264.103 0.00000E+00
1306.716 0.00000E+00
1349.328 0.00000E+00
1391.941 0.00000E+00
1434.554 0.00000E+00
1477.166 0.00000E+00
1519.779 0.00000E+00
1562.391 0.00000E+00
1605.004 0.00000E+00
1647.617 0.00000E+00
1690.229 0.00000E+00
1732.842 0.00000E+00
1775.454 0.00000E+00
1818.067 0.00000E+00
1860.679 0.00000E+00
1903.292 0.00000E+00
1945.905 0.00000E+00
1988.517 0.00000E+00
2031.130 0.00000E+00
2073.742 0.00000E+00
2116.355 0.00000E+00
2158.968 0.00000E+00
2201.580 0.00000E+00
2244.193 0.00000E+00
2286.805 0.00000E+00
2329.418 0.00000E+00
2372.031 0.00000E+00
2414.643 0.00000E+00
2457.256 0.00000E+00
2499.868 0.00000E+00
2542.481 0.00000E+00
2585.094 0.00000E+00
2627.706 0.00000E+00
2670.319 0.00000E+00
2712.931 0.00000E+00
2755.544 0.00000E+00
2798.156 0.00000E+00
2840.769 0.00000E+00
2883.382 0.00000E+00
2925.994 0.00000E+00
2968.607 0.00000E+00
3011.219 0.00000E+00
3053.832 0.00000E+00
3096.444 0.00000E+00
3139.057 0.00000E+00
3181.670 0.00000E+00
3224.282 0.00000E+00
3266.895 0.00000E+00
3309.508 0.00000E+00
3352.120 0.00000E+00
3394.733 0.00000E+00
3437.345 0.00000E+00
3479.958 0.00000E+00
3479.958 -0.24075E+01
3517.468 0.30149E+00
3554.979 0.11782E+02
3592.490 0.20802E+02
3630.000 0.25245E+02
3630.000 0.25245E+02
3662.833 0.26061E+02
3695.667 0.24914E+02
3728.500 0.22643E+02
3761.333 0.19867E+02
3794.167 0.16994E+02
3827.000 0.14267E+02
3859.833 0.11810E+02
3892.667 0.96742E+01
3925.500 0.78617E+01
3958.333 0.63511E+01
3991.167 0.51085E+01
4024.000 0.40964E+01
4056.833 0.32780E+01
4089.667 0.26200E+01
4122.500 0.20929E+01
4155.333 0.16719E+01
4188.167 0.13364E+01
4221.000 0.10693E+01
4253.833 0.85695E+00
4286.667 0.68827E+00
4319.500 0.55444E+00
4352.333 0.44845E+00
4385.167 0.36475E+00
4418.000 0.29896E+00
4450.833 0.24764E+00
4483.667 0.20805E+00
4516.500 0.17806E+00
4549.333 0.15597E+00
4582.167 0.14040E+00
4615.000 0.13027E+00
4647.833 0.12467E+00
4680.667 0.12283E+00
4713.500 0.12408E+00
4746.333 0.12784E+00
4779.167 0.13353E+00
4812.000 0.14063E+00
4844.833 0.14862E+00
4877.667 0.15699E+00
4910.500 0.16523E+00
4943.333 0.17286E+00
4976.167 0.17941E+00
5009.000 0.18447E+00
5041.833 0.18768E+00
5074.667 0.18876E+00
5107.500 0.18754E+00
5140.333 0.18396E+00
5173.167 0.17813E+00
5206.000 0.17028E+00
5238.833 0.16084E+00
5271.667 0.15037E+00
5304.500 0.13961E+00
5337.333 0.12939E+00
5370.167 0.12065E+00
5403.000 0.11437E+00
5435.833 0.11148E+00
5468.667 0.11285E+00
5501.500 0.11916E+00
5534.333 0.13086E+00
5567.167 0.14808E+00
5600.000 0.17059E+00
5600.000 0.17059E+00
5625.250 0.19114E+00
5650.500 0.21307E+00
5675.750 0.23535E+00
5701.000 0.25674E+00
5701.000 0.24415E+00
5724.333 0.25685E+00
5747.667 0.26453E+00
5771.000 0.26656E+00
5771.000 0.26656E+00
5796.000 0.26096E+00
5821.000 0.24864E+00
5846.000 0.23039E+00
5871.000 0.20774E+00
5896.000 0.18294E+00
5921.000 0.15889E+00
5946.000 0.13889E+00
5971.000 0.12639E+00
5971.000 0.14196E+00
5993.500 0.13670E+00
6016.000 0.14198E+00
6038.500 0.15935E+00
6061.000 0.18952E+00
6083.500 0.23220E+00
6106.000 0.28605E+00
6128.500 0.34873E+00
6151.000 0.41700E+00
6151.000 0.40760E+00
6174.333 0.46818E+00
6197.667 0.52505E+00
6221.000 0.57283E+00
6244.333 0.60692E+00
6267.667 0.62387E+00
6291.000 0.62171E+00
6291.000 0.62170E+00
6309.543 0.60688E+00
6328.086 0.58054E+00
6346.629 0.54367E+00
6346.629 0.35396E+00
6351.314 0.34399E+00
6356.000 0.33378E+00
6356.000 0.23729E+00
6362.000 0.22457E+00
6368.000 0.21309E+00
6368.000 0.00000E+00
6369.500 0.00000E+00
6371.000 0.00000E+00
