0.000 0.00000E+00
22.620 0.00000E+00
45.240 0.00000E+00
67.861 0.00000E+00
90.481 0.00000E+00
113.101 0.00000E+00
135.721 0.00000E+00
158.341 0.00000E+00
180.962 0.00000E+00
203.582 0.00000E+00
226.202 0.00000E+00
248.822 0.00000E+00
271.442 0.00000E+00
294.063 0.00000E+00
316.683 0.00000E+00
339.303 0.00000E+00
361.923 0.00000E+00
384.543 0.00000E+00
407.164 0.00000E+00
429.784 0.00000E+00
452.404 0.00000E+00
475.024 0.00000E+00
497.644 0.00000E+00
520.265 0.00000E+00
542.885 0.00000E+00
565.505 0.00000E+00
588.125 0.00000E+00
610.745 0.00000E+00
633.366 0.00000E+00
655.986 0.00000E+00
678.606 0.00000E+00
701.226 0.00000E+00
723.846 0.00000E+00
746.467 0.00000E+00
769.087 0.00000E+00
791.707 0.00000E+00
814.327 0.00000E+00
836.947 0.00000E+00
859.568 0.00000E+00
882.188 0.00000E+00
904.808 0.00000E+00
927.428 0.00000E+00
950.048 0.00000E+00
972.669 0.00000E+00
995.289 0.00000E+00
1017.909 0.00000E+00
1040.529 0.00000E+00
1063.149 0.00000E+00
1085.770 0.00000E+00
1108.390 0.00000E+00
1131.010 0.00000E+00
1153.630 0.00000E+00
1176.250 0.00000E+00
1198.871 0.16112E-05
1221.491 0.29544E-05
1221.491 0.00000E+00
1264.103 0.00000E+00
1306.716 0.00000E+00
1349.328 0.00000E+00
1391.941 0.00000E+00
1434.554 0.00000E+00
1477.166 0.00000E+00
1519.779 0.00000E+00
1562.391 0.00000E+00
1605.004 0.00000E+00
1647.617 0.00000E+00
1690.229 0.00000E+00
1732.842 0.00000E+00
1775.454 0.00000E+00
1818.067 0.00000E+00
1860.679 0.00000E+00
1903.292 0.00000E+00
1945.905 0.00000E+00
1988.517 0.00000E+00
2031.130 0.00000E+00
2073.742 0.00000E+00
2116.355 0.00000E+00
2158.968 0.00000E+00
2201.580 0.00000E+00
2244.193 0.00000E+00
2286.805 0.00000E+00
2329.418 0.00000E+00
2372.031 0.00000E+00
2414.643 0.00000E+00
2457.256 0.00000E+00
2499.868 0.00000E+00
2542.481 0.00000E+00
2585.094 0.00000E+00
2627.706 0.00000E+00
2670.319 0.00000E+00
2712.931 0.00000E+00
2755.544 0.00000E+00
2798.156 0.00000E+00
2840.769 -0.00000E+00
2883.382 -0.00000E+00
2925.994 -0.00000E+00
2968.607 -0.00000E+00
3011.219 -0.00000E+00
3053.832 -0.00000E+00
3096.444 -0.00000E+00
3139.057 -0.00000E+00
3181.670 -0.00000E+00
3224.282 -0.00000E+00
3266.895 -0.00000E+00
3309.508 -0.00000E+00
3352.120 -0.00000E+00
3394.733 -0.00000E+00
3437.345 -0.00000E+00
3479.958 0.00000E+00
3479.958 0.53834E+01
3517.468 0.50020E+01
3554.979 0.45278E+01
3592.490 0.39815E+01
3630.000 0.33873E+01
3630.000 0.33873E+01
3662.833 0.28362E+01
3695.667 0.22882E+01
3728.500 0.17595E+01
3761.333 0.12649E+01
3794.167 0.81659E+00
3827.000 0.42351E+00
3859.833 0.91187E-01
3892.667 -0.17859E+00
3925.500 -0.38765E+00
3958.333 -0.54103E+00
3991.167 -0.64646E+00
4024.000 -0.71355E+00
4056.833 -0.75296E+00
4089.667 -0.77553E+00
4122.500 -0.79138E+00
4155.333 -0.80916E+00
4188.167 -0.83550E+00
4221.000 -0.87461E+00
4253.833 -0.92809E+00
4286.667 -0.99508E+00
4319.500 -0.10725E+01
4352.333 -0.11554E+01
4385.167 -0.12378E+01
4418.000 -0.13131E+01
4450.833 -0.13747E+01
4483.667 -0.14163E+01
4516.500 -0.14329E+01
4549.333 -0.14204E+01
4582.167 -0.13759E+01
4615.000 -0.12976E+01
4647.833 -0.11845E+01
4680.667 -0.10362E+01
4713.500 -0.85237E+00
4746.333 -0.63265E+00
4779.167 -0.37650E+00
4812.000 -0.83166E-01
4844.833 0.24807E+00
4877.667 0.61750E+00
4910.500 0.10244E+01
4943.333 0.14665E+01
4976.167 0.19389E+01
5009.000 0.24341E+01
5041.833 0.29411E+01
5074.667 0.34455E+01
5107.500 0.39298E+01
5140.333 0.43740E+01
5173.167 0.47567E+01
5206.000 0.50564E+01
5238.833 0.52534E+01
5271.667 0.53314E+01
5304.500 0.52795E+01
5337.333 0.50933E+01
5370.167 0.47760E+01
5403.000 0.43393E+01
5435.833 0.38024E+01
5468.667 0.31919E+01
5501.500 0.25395E+01
5534.333 0.18799E+01
5567.167 0.12486E+01
5600.000 0.67857E+00
5600.000 0.67857E+00
5625.250 0.30812E+00
5650.500 -0.73148E-03
5675.750 -0.23710E+00
5701.000 -0.39404E+00
5701.000 -0.43083E+00
5724.333 -0.48007E+00
5747.667 -0.46506E+00
5771.000 -0.39535E+00
5771.000 -0.39534E+00
5796.000 -0.26348E+00
5821.000 -0.87260E-01
5846.000 0.11403E+00
5871.000 0.31968E+00
5896.000 0.50940E+00
5921.000 0.66527E+00
5946.000 0.77346E+00
5971.000 0.82571E+00
5971.000 0.92126E+00
5993.500 0.89394E+00
6016.000 0.82419E+00
6038.500 0.72201E+00
6061.000 0.59856E+00
6083.500 0.46484E+00
6106.000 0.33056E+00
6128.500 0.20336E+00
6151.000 0.88476E-01
6151.000 0.93323E-01
6174.333 -0.25619E-01
6197.667 -0.12006E+00
6221.000 -0.18930E+00
6244.333 -0.23337E+00
6267.667 -0.25110E+00
6291.000 -0.23873E+00
6291.000 -0.25312E+00
6309.543 -0.21431E+00
6328.086 -0.14668E+00
6346.629 -0.45038E-01
6346.629 -0.93758E-01
6351.314 -0.66013E-01
6356.000 -0.35000E-01
6356.000 -0.36205E-01
6362.000 -0.36318E-02
6368.000 0.36057E-01
6368.000 0.00000E+00
6369.500 0.00000E+00
6371.000 0.00000E+00
