0.000 0.00000E+00
22.620 0.00000E+00
45.240 0.00000E+00
67.861 0.00000E+00
90.481 0.00000E+00
113.101 0.00000E+00
135.721 0.00000E+00
158.341 0.00000E+00
180.962 0.00000E+00
203.582 0.00000E+00
226.202 0.00000E+00
248.822 0.00000E+00
271.442 0.00000E+00
294.063 0.00000E+00
316.683 0.00000E+00
339.303 0.00000E+00
361.923 0.00000E+00
384.543 0.00000E+00
407.164 0.00000E+00
429.784 0.00000E+00
452.404 0.00000E+00
475.024 0.00000E+00
497.644 0.00000E+00
520.265 0.00000E+00
542.885 0.00000E+00
565.505 0.00000E+00
588.125 0.00000E+00
610.745 0.00000E+00
633.366 0.00000E+00
655.986 0.00000E+00
678.606 0.00000E+00
701.226 0.00000E+00
723.846 0.00000E+00
746.467 0.00000E+00
769.087 0.00000E+00
791.707 0.00000E+00
814.327 0.00000E+00
836.947 0.00000E+00
859.568 0.00000E+00
882.188 0.00000E+00
904.808 0.00000E+00
927.428 0.00000E+00
950.048 0.00000E+00
972.669 0.00000E+00
995.289 0.00000E+00
1017.909 0.00000E+00
1040.529 0.00000E+00
1063.149 0.00000E+00
1085.770 0.00000E+00
1108.390 0.00000E+00
1131.010 0.00000E+00
1153.630 0.00000E+00
1176.250 0.00000E+00
1198.871 0.00000E+00
1221.491 0.00000E+00
1221.491 0.00000E+00
1264.103 0.00000E+00
1306.716 0.00000E+00
1349.328 0.00000E+00
1391.941 0.00000E+00
1434.554 0.00000E+00
1477.166 0.00000E+00
1519.779 0.00000E+00
1562.391 0.00000E+00
1605.004 0.00000E+00
1647.617 0.00000E+00
1690.229 0.00000E+00
1732.842 0.00000E+00
1775.454 0.00000E+00
1818.067 0.00000E+00
1860.679 0.00000E+00
1903.292 0.00000E+00
1945.905 0.00000E+00
1988.517 0.00000E+00
2031.130 0.00000E+00
2073.742 0.00000E+00
2116.355 0.00000E+00
2158.968 0.00000E+00
2201.580 0.00000E+00
2244.193 0.00000E+00
2286.805 0.00000E+00
2329.418 0.00000E+00
2372.031 0.00000E+00
2414.643 0.00000E+00
2457.256 0.00000E+00
2499.868 0.00000E+00
2542.481 0.00000E+00
2585.094 0.00000E+00
2627.706 0.00000E+00
2670.319 0.00000E+00
2712.931 0.00000E+00
2755.544 0.00000E+00
2798.156 0.00000E+00
2840.769 0.00000E+00
2883.382 0.00000E+00
2925.994 0.00000E+00
2968.607 0.00000E+00
3011.219 0.00000E+00
3053.832 -0.00000E+00
3096.444 -0.00000E+00
3139.057 -0.00000E+00
3181.670 -0.00000E+00
3224.282 -0.00000E+00
3266.895 -0.00000E+00
3309.508 -0.00000E+00
3352.120 -0.00000E+00
3394.733 -0.00000E+00
3437.345 -0.00000E+00
3479.958 -0.00000E+00
3479.958 0.38092E-01
3517.468 0.43492E-02
3554.979 -0.29554E-01
3592.490 -0.47597E-01
3630.000 -0.31518E-01
3630.000 -0.31518E-01
3662.833 0.24488E-01
3695.667 0.13000E+00
3728.500 0.29190E+00
3761.333 0.51289E+00
3794.167 0.79078E+00
3827.000 0.11181E+01
3859.833 0.14823E+01
3892.667 0.18662E+01
3925.500 0.22494E+01
3958.333 0.26092E+01
3991.167 0.29230E+01
4024.000 0.31694E+01
4056.833 0.33305E+01
4089.667 0.33934E+01
4122.500 0.33510E+01
4155.333 0.32030E+01
4188.167 0.29556E+01
4221.000 0.26213E+01
4253.833 0.22174E+01
4286.667 0.17649E+01
4319.500 0.12861E+01
4352.333 0.80322E+00
4385.167 0.33616E+00
4418.000 -0.98705E-01
4450.833 -0.48972E+00
4483.667 -0.83045E+00
4516.500 -0.11195E+01
4549.333 -0.13601E+01
4582.167 -0.15587E+01
4615.000 -0.17238E+01
4647.833 -0.18645E+01
4680.667 -0.19889E+01
4713.500 -0.21030E+01
4746.333 -0.22099E+01
4779.167 -0.23096E+01
4812.000 -0.23985E+01
4844.833 -0.24707E+01
4877.667 -0.25181E+01
4910.500 -0.25314E+01
4943.333 -0.25014E+01
4976.167 -0.24194E+01
5009.000 -0.22778E+01
5041.833 -0.20710E+01
5074.667 -0.17949E+01
5107.500 -0.14478E+01
5140.333 -0.10299E+01
5173.167 -0.54356E+00
5206.000 0.58811E-02
5238.833 0.61016E+00
5271.667 0.12572E+01
5304.500 0.19305E+01
5337.333 0.26088E+01
5370.167 0.32662E+01
5403.000 0.38726E+01
5435.833 0.43952E+01
5468.667 0.48007E+01
5501.500 0.50581E+01
5534.333 0.51422E+01
5567.167 0.50367E+01
5600.000 0.47374E+01
5600.000 0.47374E+01
5625.250 0.44556E+01
5650.500 0.40575E+01
5675.750 0.35543E+01
5701.000 0.29646E+01
5701.000 0.36444E+01
5724.333 0.28939E+01
5747.667 0.21159E+01
5771.000 0.13509E+01
5771.000 0.13509E+01
5796.000 0.59829E+00
5821.000 -0.74822E-01
5846.000 -0.62081E+00
5871.000 -0.10014E+01
5896.000 -0.11930E+01
5921.000 -0.11902E+01
5946.000 -0.10084E+01
5971.000 -0.68268E+00
5971.000 -0.58145E+00
5993.500 -0.20418E+00
6016.000 0.17266E+00
6038.500 0.50772E+00
6061.000 0.76934E+00
6083.500 0.93812E+00
6106.000 0.10077E+01
6128.500 0.98373E+00
6151.000 0.88177E+00
6151.000 0.99602E+00
6174.333 0.81056E+00
6197.667 0.57830E+00
6221.000 0.34061E+00
6244.333 0.13116E+00
6267.667 -0.26994E-01
6291.000 -0.12143E+00
6291.000 -0.12370E+00
6309.543 -0.15093E+00
6328.086 -0.13486E+00
6346.629 -0.76312E-01
6346.629 -0.95687E-01
6351.314 -0.76519E-01
6356.000 -0.54465E-01
6356.000 -0.50644E-01
6362.000 -0.24855E-01
6368.000 0.53343E-02
6368.000 0.00000E+00
6369.500 0.00000E+00
6371.000 0.00000E+00
