0.000 0.00000E+00
22.620 0.00000E+00
45.240 0.00000E+00
67.861 0.00000E+00
90.481 0.00000E+00
113.101 0.00000E+00
135.721 0.00000E+00
158.341 0.00000E+00
180.962 0.00000E+00
203.582 0.00000E+00
226.202 0.00000E+00
248.822 0.00000E+00
271.442 0.00000E+00
294.063 0.00000E+00
316.683 0.00000E+00
339.303 0.00000E+00
361.923 0.00000E+00
384.543 0.00000E+00
407.164 0.00000E+00
429.784 0.00000E+00
452.404 0.00000E+00
475.024 0.00000E+00
497.644 0.00000E+00
520.265 0.00000E+00
542.885 0.00000E+00
565.505 0.00000E+00
588.125 0.00000E+00
610.745 0.00000E+00
633.366 0.00000E+00
655.986 0.00000E+00
678.606 0.00000E+00
701.226 0.00000E+00
723.846 0.00000E+00
746.467 0.00000E+00
769.087 0.00000E+00
791.707 0.00000E+00
814.327 0.00000E+00
836.947 0.00000E+00
859.568 0.00000E+00
882.188 0.00000E+00
904.808 0.00000E+00
927.428 0.00000E+00
950.048 0.00000E+00
972.669 0.00000E+00
995.289 0.00000E+00
1017.909 0.00000E+00
1040.529 0.00000E+00
1063.149 0.00000E+00
1085.770 0.00000E+00
1108.390 0.00000E+00
1131.010 0.00000E+00
1153.630 0.00000E+00
1176.250 0.00000E+00
1198.871 0.00000E+00
1221.491 0.00000E+00
1221.491 0.00000E+00
1264.103 0.00000E+00
1306.716 0.00000E+00
1349.328 0.00000E+00
1391.941 0.00000E+00
1434.554 0.00000E+00
1477.166 0.00000E+00
1519.779 0.00000E+00
1562.391 0.00000E+00
1605.004 0.00000E+00
1647.617 0.00000E+00
1690.229 0.00000E+00
1732.842 0.00000E+00
1775.454 0.00000E+00
1818.067 0.00000E+00
1860.679 0.00000E+00
1903.292 0.00000E+00
1945.905 0.00000E+00
1988.517 0.00000E+00
2031.130 0.00000E+00
2073.742 0.00000E+00
2116.355 0.00000E+00
2158.968 0.00000E+00
2201.580 0.00000E+00
2244.193 0.00000E+00
2286.805 0.00000E+00
2329.418 0.00000E+00
2372.031 0.00000E+00
2414.643 0.00000E+00
2457.256 0.00000E+00
2499.868 0.00000E+00
2542.481 0.00000E+00
2585.094 0.00000E+00
2627.706 0.00000E+00
2670.319 0.00000E+00
2712.931 0.00000E+00
2755.544 0.00000E+00
2798.156 0.00000E+00
2840.769 0.00000E+00
2883.382 0.00000E+00
2925.994 0.00000E+00
2968.607 0.00000E+00
3011.219 0.00000E+00
3053.832 0.00000E+00
3096.444 0.00000E+00
3139.057 0.00000E+00
3181.670 0.00000E+00
3224.282 0.00000E+00
3266.895 0.00000E+00
3309.508 0.00000E+00
3352.120 0.00000E+00
3394.733 0.00000E+00
3437.345 0.00000E+00
3479.958 0.00000E+00
3479.958 0.20944E+01
3517.468 0.25658E+01
3554.979 0.29901E+01
3592.490 0.33598E+01
3630.000 0.36686E+01
3630.000 0.36686E+01
3662.833 0.38784E+01
3695.667 0.40309E+01
3728.500 0.41211E+01
3761.333 0.41447E+01
3794.167 0.40992E+01
3827.000 0.39838E+01
3859.833 0.38007E+01
3892.667 0.35548E+01
3925.500 0.32544E+01
3958.333 0.29109E+01
3991.167 0.25388E+01
4024.000 0.21553E+01
4056.833 0.17795E+01
4089.667 0.14317E+01
4122.500 0.11321E+01
4155.333 0.90002E+00
4188.167 0.75225E+00
4221.000 0.70203E+00
4253.833 0.75787E+00
4286.667 0.92263E+00
4319.500 0.11928E+01
4352.333 0.15582E+01
4385.167 0.20023E+01
4418.000 0.25023E+01
4450.833 0.30306E+01
4483.667 0.35563E+01
4516.500 0.40465E+01
4549.333 0.44692E+01
4582.167 0.47947E+01
4615.000 0.49989E+01
4647.833 0.50642E+01
4680.667 0.49825E+01
4713.500 0.47555E+01
4746.333 0.43957E+01
4779.167 0.39263E+01
4812.000 0.33800E+01
4844.833 0.27975E+01
4877.667 0.22247E+01
4910.500 0.17100E+01
4943.333 0.13003E+01
4976.167 0.10376E+01
5009.000 0.95564E+00
5041.833 0.10763E+01
5074.667 0.14076E+01
5107.500 0.19420E+01
5140.333 0.26562E+01
5173.167 0.35118E+01
5206.000 0.44580E+01
5238.833 0.54342E+01
5271.667 0.63747E+01
5304.500 0.72138E+01
5337.333 0.78902E+01
5370.167 0.83528E+01
5403.000 0.85644E+01
5435.833 0.85055E+01
5468.667 0.81759E+01
5501.500 0.75952E+01
5534.333 0.68016E+01
5567.167 0.58485E+01
5600.000 0.48002E+01
5600.000 0.48002E+01
5625.250 0.39806E+01
5650.500 0.31915E+01
5675.750 0.24641E+01
5701.000 0.18258E+01
5701.000 0.17002E+01
5724.333 0.13256E+01
5747.667 0.10399E+01
5771.000 0.84782E+00
5771.000 0.84784E+00
5796.000 0.77699E+00
5821.000 0.82337E+00
5846.000 0.96191E+00
5871.000 0.11610E+01
5896.000 0.13855E+01
5921.000 0.16003E+01
5946.000 0.17743E+01
5971.000 0.18830E+01
5971.000 0.19375E+01
5993.500 0.19460E+01
6016.000 0.18953E+01
6038.500 0.17879E+01
6061.000 0.16303E+01
6083.500 0.14322E+01
6106.000 0.12054E+01
6128.500 0.96304E+00
6151.000 0.71846E+00
6151.000 0.79636E+00
6174.333 0.51634E+00
6197.667 0.27171E+00
6221.000 0.78370E-01
6244.333 -0.49136E-01
6267.667 -0.96352E-01
6291.000 -0.47942E-01
6291.000 -0.93790E-01
6309.543 0.35049E-01
6328.086 0.24266E+00
6346.629 0.53545E+00
6346.629 0.18890E+00
6351.314 0.25817E+00
6356.000 0.33654E+00
6356.000 0.21633E+00
6362.000 0.29176E+00
6368.000 0.39063E+00
6368.000 0.00000E+00
6369.500 0.00000E+00
6371.000 0.00000E+00
