0.000 0.00000E+00
22.620 0.00000E+00
45.240 0.00000E+00
67.861 0.00000E+00
90.481 0.00000E+00
113.101 0.00000E+00
135.721 0.00000E+00
158.341 0.00000E+00
180.962 0.00000E+00
203.582 0.00000E+00
226.202 0.00000E+00
248.822 0.00000E+00
271.442 0.00000E+00
294.063 0.00000E+00
316.683 0.00000E+00
339.303 0.00000E+00
361.923 0.00000E+00
384.543 0.00000E+00
407.164 0.00000E+00
429.784 0.00000E+00
452.404 0.00000E+00
475.024 0.00000E+00
497.644 0.00000E+00
520.265 0.00000E+00
542.885 0.00000E+00
565.505 0.00000E+00
588.125 0.00000E+00
610.745 0.00000E+00
633.366 0.00000E+00
655.986 0.00000E+00
678.606 0.00000E+00
701.226 0.00000E+00
723.846 0.00000E+00
746.467 0.00000E+00
769.087 0.00000E+00
791.707 0.00000E+00
814.327 0.00000E+00
836.947 0.00000E+00
859.568 0.00000E+00
882.188 0.00000E+00
904.808 0.00000E+00
927.428 0.00000E+00
950.048 0.00000E+00
972.669 0.00000E+00
995.289 0.00000E+00
1017.909 0.00000E+00
1040.529 0.00000E+00
1063.149 0.00000E+00
1085.770 0.00000E+00
1108.390 0.00000E+00
1131.010 0.00000E+00
1153.630 0.00000E+00
1176.250 0.00000E+00
1198.871 0.00000E+00
1221.491 0.00000E+00
1221.491 0.00000E+00
1264.103 0.00000E+00
1306.716 0.00000E+00
1349.328 0.00000E+00
1391.941 0.00000E+00
1434.554 0.00000E+00
1477.166 0.00000E+00
1519.779 0.00000E+00
1562.391 0.00000E+00
1605.004 0.00000E+00
1647.617 0.00000E+00
1690.229 0.00000E+00
1732.842 0.00000E+00
1775.454 0.00000E+00
1818.067 0.00000E+00
1860.679 0.00000E+00
1903.292 0.00000E+00
1945.905 0.00000E+00
1988.517 0.00000E+00
2031.130 0.00000E+00
2073.742 0.00000E+00
2116.355 0.00000E+00
2158.968 0.00000E+00
2201.580 0.00000E+00
2244.193 0.00000E+00
2286.805 0.00000E+00
2329.418 0.00000E+00
2372.031 0.00000E+00
2414.643 0.00000E+00
2457.256 0.00000E+00
2499.868 0.00000E+00
2542.481 0.00000E+00
2585.094 0.00000E+00
2627.706 0.00000E+00
2670.319 0.00000E+00
2712.931 0.00000E+00
2755.544 0.00000E+00
2798.156 0.00000E+00
2840.769 0.00000E+00
2883.382 0.00000E+00
2925.994 0.00000E+00
2968.607 0.00000E+00
3011.219 0.00000E+00
3053.832 0.00000E+00
3096.444 0.00000E+00
3139.057 0.00000E+00
3181.670 -0.00000E+00
3224.282 -0.00000E+00
3266.895 -0.00000E+00
3309.508 -0.00000E+00
3352.120 -0.00000E+00
3394.733 -0.00000E+00
3437.345 -0.00000E+00
3479.958 -0.00000E+00
3479.958 -0.13893E+00
3517.468 -0.14509E+00
3554.979 -0.15060E+00
3592.490 -0.15475E+00
3630.000 -0.15620E+00
3630.000 -0.15620E+00
3662.833 -0.15409E+00
3695.667 -0.14725E+00
3728.500 -0.13418E+00
3761.333 -0.11328E+00
3794.167 -0.82980E-01
3827.000 -0.41782E-01
3859.833 0.11664E-01
3892.667 0.78498E-01
3925.500 0.15959E+00
3958.333 0.25547E+00
3991.167 0.36632E+00
4024.000 0.49189E+00
4056.833 0.63151E+00
4089.667 0.78404E+00
4122.500 0.94791E+00
4155.333 0.11211E+01
4188.167 0.13012E+01
4221.000 0.14853E+01
4253.833 0.16704E+01
4286.667 0.18531E+01
4319.500 0.20298E+01
4352.333 0.21969E+01
4385.167 0.23508E+01
4418.000 0.24879E+01
4450.833 0.26050E+01
4483.667 0.26990E+01
4516.500 0.27673E+01
4549.333 0.28078E+01
4582.167 0.28190E+01
4615.000 0.27999E+01
4647.833 0.27504E+01
4680.667 0.26708E+01
4713.500 0.25624E+01
4746.333 0.24271E+01
4779.167 0.22675E+01
4812.000 0.20867E+01
4844.833 0.18886E+01
4877.667 0.16774E+01
4910.500 0.14575E+01
4943.333 0.12339E+01
4976.167 0.10113E+01
5009.000 0.79472E+00
5041.833 0.58870E+00
5074.667 0.39760E+00
5107.500 0.22531E+00
5140.333 0.75125E-01
5173.167 -0.50300E-01
5206.000 -0.14908E+00
5238.833 -0.22015E+00
5271.667 -0.26327E+00
5304.500 -0.27907E+00
5337.333 -0.26899E+00
5370.167 -0.23525E+00
5403.000 -0.18077E+00
5435.833 -0.10906E+00
5468.667 -0.24119E-01
5501.500 0.69755E-01
5534.333 0.16806E+00
5567.167 0.26630E+00
5600.000 0.36010E+00
5600.000 0.36010E+00
5625.250 0.48172E+00
5650.500 0.59382E+00
5675.750 0.69380E+00
5701.000 0.77931E+00
5701.000 0.13169E+01
5724.333 0.13333E+01
5747.667 0.13308E+01
5771.000 0.13096E+01
5771.000 0.13096E+01
5796.000 0.13171E+01
5821.000 0.13008E+01
5846.000 0.12608E+01
5871.000 0.11977E+01
5896.000 0.11131E+01
5921.000 0.10091E+01
5946.000 0.88892E+00
5971.000 0.75619E+00
5971.000 0.85368E+00
5993.500 0.70188E+00
6016.000 0.55031E+00
6038.500 0.40264E+00
6061.000 0.26231E+00
6083.500 0.13245E+00
6106.000 0.15805E-01
6128.500 -0.85296E-01
6151.000 -0.16896E+00
6151.000 -0.17744E+00
6174.333 -0.24802E+00
6197.667 -0.29426E+00
6221.000 -0.31570E+00
6244.333 -0.31267E+00
6267.667 -0.28611E+00
6291.000 -0.23743E+00
6291.000 -0.24457E+00
6309.543 -0.19049E+00
6328.086 -0.12424E+00
6346.629 -0.46738E-01
6346.629 -0.74752E-01
6351.314 -0.54426E-01
6356.000 -0.33304E-01
6356.000 -0.31566E-01
6362.000 -0.83840E-02
6368.000 0.15926E-01
6368.000 0.00000E+00
6369.500 0.00000E+00
6371.000 0.00000E+00
