0.000 0.00000E+00
22.620 0.00000E+00
45.240 0.00000E+00
67.861 0.00000E+00
90.481 0.00000E+00
113.101 0.00000E+00
135.721 0.00000E+00
158.341 0.00000E+00
180.962 0.00000E+00
203.582 0.00000E+00
226.202 0.00000E+00
248.822 0.00000E+00
271.442 0.00000E+00
294.063 0.00000E+00
316.683 0.00000E+00
339.303 0.00000E+00
361.923 0.00000E+00
384.543 0.00000E+00
407.164 0.00000E+00
429.784 0.00000E+00
452.404 0.00000E+00
475.024 0.00000E+00
497.644 0.00000E+00
520.265 0.00000E+00
542.885 0.00000E+00
565.505 0.00000E+00
588.125 0.00000E+00
610.745 0.00000E+00
633.366 0.00000E+00
655.986 0.00000E+00
678.606 0.00000E+00
701.226 0.00000E+00
723.846 0.00000E+00
746.467 0.00000E+00
769.087 0.00000E+00
791.707 0.00000E+00
814.327 0.00000E+00
836.947 0.00000E+00
859.568 0.00000E+00
882.188 0.00000E+00
904.808 0.00000E+00
927.428 0.00000E+00
950.048 0.00000E+00
972.669 0.00000E+00
995.289 0.00000E+00
1017.909 0.00000E+00
1040.529 0.00000E+00
1063.149 0.00000E+00
1085.770 0.00000E+00
1108.390 0.00000E+00
1131.010 0.00000E+00
1153.630 0.00000E+00
1176.250 0.00000E+00
1198.871 0.00000E+00
1221.491 0.20797E-03
1221.491 0.00000E+00
1264.103 0.00000E+00
1306.716 0.00000E+00
1349.328 0.00000E+00
1391.941 0.00000E+00
1434.554 0.00000E+00
1477.166 0.00000E+00
1519.779 0.00000E+00
1562.391 0.00000E+00
1605.004 0.00000E+00
1647.617 0.00000E+00
1690.229 0.00000E+00
1732.842 0.00000E+00
1775.454 0.00000E+00
1818.067 0.00000E+00
1860.679 0.00000E+00
1903.292 0.00000E+00
1945.905 0.00000E+00
1988.517 0.00000E+00
2031.130 0.00000E+00
2073.742 0.00000E+00
2116.355 0.00000E+00
2158.968 0.00000E+00
2201.580 0.00000E+00
2244.193 0.00000E+00
2286.805 0.00000E+00
2329.418 0.00000E+00
2372.031 0.00000E+00
2414.643 0.00000E+00
2457.256 0.00000E+00
2499.868 -0.00000E+00
2542.481 -0.00000E+00
2585.094 -0.00000E+00
2627.706 -0.00000E+00
2670.319 -0.00000E+00
2712.931 -0.00000E+00
2755.544 -0.00000E+00
2798.156 -0.00000E+00
2840.769 -0.00000E+00
2883.382 -0.00000E+00
2925.994 -0.00000E+00
2968.607 -0.00000E+00
3011.219 -0.00000E+00
3053.832 0.00000E+00
3096.444 0.00000E+00
3139.057 0.00000E+00
3181.670 0.00000E+00
3224.282 0.00000E+00
3266.895 0.00000E+00
3309.508 0.00000E+00
3352.120 0.00000E+00
3394.733 0.00000E+00
3437.345 0.00000E+00
3479.958 -0.00000E+00
3479.958 -0.73237E+00
3517.468 -0.79328E+00
3554.979 -0.83960E+00
3592.490 -0.88087E+00
3630.000 -0.92072E+00
3630.000 -0.92072E+00
3662.833 -0.95560E+00
3695.667 -0.98519E+00
3728.500 -0.10042E+01
3761.333 -0.10068E+01
3794.167 -0.98793E+00
3827.000 -0.94380E+00
3859.833 -0.87287E+00
3892.667 -0.77572E+00
3925.500 -0.65479E+00
3958.333 -0.51374E+00
3991.167 -0.35654E+00
4024.000 -0.18657E+00
4056.833 -0.59228E-02
4089.667 0.18505E+00
4122.500 0.38765E+00
4155.333 0.60434E+00
4188.167 0.83777E+00
4221.000 0.10895E+01
4253.833 0.13589E+01
4286.667 0.16418E+01
4319.500 0.19299E+01
4352.333 0.22109E+01
4385.167 0.24687E+01
4418.000 0.26855E+01
4450.833 0.28427E+01
4483.667 0.29242E+01
4516.500 0.29180E+01
4549.333 0.28183E+01
4582.167 0.26268E+01
4615.000 0.23533E+01
4647.833 0.20147E+01
4680.667 0.16337E+01
4713.500 0.12367E+01
4746.333 0.85043E+00
4779.167 0.49952E+00
4812.000 0.20373E+00
4844.833 -0.23942E-01
4877.667 -0.17830E+00
4910.500 -0.26197E+00
4943.333 -0.28442E+00
4976.167 -0.26029E+00
5009.000 -0.20723E+00
5041.833 -0.14357E+00
5074.667 -0.86313E-01
5107.500 -0.49453E-01
5140.333 -0.42934E-01
5173.167 -0.72149E-01
5206.000 -0.13790E+00
5238.833 -0.23662E+00
5271.667 -0.36066E+00
5304.500 -0.49862E+00
5337.333 -0.63549E+00
5370.167 -0.75305E+00
5403.000 -0.83041E+00
5435.833 -0.84524E+00
5468.667 -0.77571E+00
5501.500 -0.60332E+00
5534.333 -0.31647E+00
5567.167 0.85746E-01
5600.000 0.59018E+00
5600.000 0.59018E+00
5625.250 0.10485E+01
5650.500 0.15385E+01
5675.750 0.20364E+01
5701.000 0.25117E+01
5701.000 0.30537E+01
5724.333 0.34211E+01
5747.667 0.36481E+01
5771.000 0.37064E+01
5771.000 0.37064E+01
5796.000 0.36562E+01
5821.000 0.33793E+01
5846.000 0.28800E+01
5871.000 0.21914E+01
5896.000 0.13776E+01
5921.000 0.52948E+00
5946.000 -0.24378E+00
5971.000 -0.82904E+00
5971.000 -0.81026E+00
5993.500 -0.11169E+01
6016.000 -0.11339E+01
6038.500 -0.85982E+00
6061.000 -0.33129E+00
6083.500 0.38140E+00
6106.000 0.11837E+01
6128.500 0.19699E+01
6151.000 0.26385E+01
6151.000 0.30358E+01
6174.333 0.35656E+01
6197.667 0.37287E+01
6221.000 0.35261E+01
6244.333 0.30214E+01
6267.667 0.23252E+01
6291.000 0.15716E+01
6291.000 0.15373E+01
6309.543 0.10019E+01
6328.086 0.56171E+00
6346.629 0.25023E+00
6346.629 0.25819E+00
6351.314 0.19545E+00
6356.000 0.14256E+00
6356.000 0.13648E+00
6362.000 0.77219E-01
6368.000 0.40049E-01
6368.000 0.00000E+00
6369.500 0.00000E+00
6371.000 0.00000E+00
