0.000 0.00000E+00
22.620 0.00000E+00
45.240 0.00000E+00
67.861 0.00000E+00
90.481 0.00000E+00
113.101 0.00000E+00
135.721 0.00000E+00
158.341 0.00000E+00
180.962 0.00000E+00
203.582 0.00000E+00
226.202 0.00000E+00
248.822 0.00000E+00
271.442 0.00000E+00
294.063 0.00000E+00
316.683 0.00000E+00
339.303 0.00000E+00
361.923 0.00000E+00
384.543 0.00000E+00
407.164 0.00000E+00
429.784 0.00000E+00
452.404 0.00000E+00
475.024 0.00000E+00
497.644 0.00000E+00
520.265 0.00000E+00
542.885 0.00000E+00
565.505 0.00000E+00
588.125 0.00000E+00
610.745 0.00000E+00
633.366 0.00000E+00
655.986 0.00000E+00
678.606 0.00000E+00
701.226 0.00000E+00
723.846 0.00000E+00
746.467 0.00000E+00
769.087 0.00000E+00
791.707 0.00000E+00
814.327 0.00000E+00
836.947 0.00000E+00
859.568 0.00000E+00
882.188 0.00000E+00
904.808 0.00000E+00
927.428 0.00000E+00
950.048 0.00000E+00
972.669 0.00000E+00
995.289 0.00000E+00
1017.909 0.00000E+00
1040.529 0.00000E+00
1063.149 0.00000E+00
1085.770 0.00000E+00
1108.390 0.00000E+00
1131.010 0.00000E+00
1153.630 0.00000E+00
1176.250 0.00000E+00
1198.871 0.00000E+00
1221.491 0.00000E+00
1221.491 0.00000E+00
1264.103 0.00000E+00
1306.716 0.00000E+00
1349.328 0.00000E+00
1391.941 0.00000E+00
1434.554 0.00000E+00
1477.166 0.00000E+00
1519.779 0.00000E+00
1562.391 0.00000E+00
1605.004 0.00000E+00
1647.617 0.00000E+00
1690.229 0.00000E+00
1732.842 0.00000E+00
1775.454 0.00000E+00
1818.067 0.00000E+00
1860.679 0.00000E+00
1903.292 0.00000E+00
1945.905 0.00000E+00
1988.517 0.00000E+00
2031.130 0.00000E+00
2073.742 0.00000E+00
2116.355 0.00000E+00
2158.968 0.00000E+00
2201.580 0.00000E+00
2244.193 0.00000E+00
2286.805 0.00000E+00
2329.418 0.00000E+00
2372.031 0.00000E+00
2414.643 0.00000E+00
2457.256 0.00000E+00
2499.868 0.00000E+00
2542.481 0.00000E+00
2585.094 0.00000E+00
2627.706 0.00000E+00
2670.319 0.00000E+00
2712.931 0.00000E+00
2755.544 0.00000E+00
2798.156 0.00000E+00
2840.769 0.00000E+00
2883.382 0.00000E+00
2925.994 0.00000E+00
2968.607 0.00000E+00
3011.219 0.00000E+00
3053.832 0.00000E+00
3096.444 0.00000E+00
3139.057 0.00000E+00
3181.670 0.00000E+00
3224.282 0.00000E+00
3266.895 0.00000E+00
3309.508 0.00000E+00
3352.120 0.00000E+00
3394.733 -0.00000E+00
3437.345 -0.00000E+00
3479.958 -0.00000E+00
3479.958 0.24934E+01
3517.468 0.25523E+01
3554.979 0.25958E+01
3592.490 0.26207E+01
3630.000 0.26245E+01
3630.000 0.26245E+01
3662.833 0.26038E+01
3695.667 0.25644E+01
3728.500 0.25059E+01
3761.333 0.24283E+01
3794.167 0.23320E+01
3827.000 0.22186E+01
3859.833 0.20896E+01
3892.667 0.19476E+01
3925.500 0.17952E+01
3958.333 0.16356E+01
3991.167 0.14720E+01
4024.000 0.13079E+01
4056.833 0.11468E+01
4089.667 0.99177E+00
4122.500 0.84587E+00
4155.333 0.71166E+00
4188.167 0.59121E+00
4221.000 0.48602E+00
4253.833 0.39700E+00
4286.667 0.32441E+00
4319.500 0.26786E+00
4352.333 0.22640E+00
4385.167 0.19852E+00
4418.000 0.18229E+00
4450.833 0.17543E+00
4483.667 0.17547E+00
4516.500 0.17985E+00
4549.333 0.18607E+00
4582.167 0.19183E+00
4615.000 0.19511E+00
4647.833 0.19429E+00
4680.667 0.18817E+00
4713.500 0.17607E+00
4746.333 0.15777E+00
4779.167 0.13351E+00
4812.000 0.10391E+00
4844.833 0.69894E-01
4877.667 0.32560E-01
4910.500 -0.69289E-02
4943.333 -0.47473E-01
4976.167 -0.88161E-01
5009.000 -0.12836E+00
5041.833 -0.16781E+00
5074.667 -0.20664E+00
5107.500 -0.24538E+00
5140.333 -0.28488E+00
5173.167 -0.32626E+00
5206.000 -0.37076E+00
5238.833 -0.41953E+00
5271.667 -0.47347E+00
5304.500 -0.53299E+00
5337.333 -0.59783E+00
5370.167 -0.66685E+00
5403.000 -0.73790E+00
5435.833 -0.80772E+00
5468.667 -0.87194E+00
5501.500 -0.92514E+00
5534.333 -0.96099E+00
5567.167 -0.97256E+00
5600.000 -0.95261E+00
5600.000 -0.95262E+00
5625.250 -0.84026E+00
5650.500 -0.69488E+00
5675.750 -0.51174E+00
5701.000 -0.28673E+00
5701.000 -0.20157E+00
5724.333 0.69576E-01
5747.667 0.37163E+00
5771.000 0.70016E+00
5771.000 0.70020E+00
5796.000 0.11284E+01
5821.000 0.16106E+01
5846.000 0.21364E+01
5871.000 0.26917E+01
5896.000 0.32587E+01
5921.000 0.38169E+01
5946.000 0.43433E+01
5971.000 0.48136E+01
5971.000 0.55602E+01
5993.500 0.57742E+01
6016.000 0.58815E+01
6038.500 0.58793E+01
6061.000 0.57688E+01
6083.500 0.55555E+01
6106.000 0.52486E+01
6128.500 0.48611E+01
6151.000 0.44085E+01
6151.000 0.49241E+01
6174.333 0.43168E+01
6197.667 0.36651E+01
6221.000 0.30031E+01
6244.333 0.23628E+01
6267.667 0.17724E+01
6291.000 0.12542E+01
6291.000 0.12518E+01
6309.543 0.90766E+00
6328.086 0.62189E+00
6346.629 0.39667E+00
6346.629 0.32688E+00
6351.314 0.27965E+00
6356.000 0.23653E+00
6356.000 0.18240E+00
6362.000 0.13694E+00
6368.000 0.10020E+00
6368.000 0.00000E+00
6369.500 0.00000E+00
6371.000 0.00000E+00
