0.000 0.00000E+00
22.620 0.00000E+00
45.240 0.00000E+00
67.861 0.00000E+00
90.481 0.00000E+00
113.101 0.00000E+00
135.721 0.00000E+00
158.341 0.00000E+00
180.962 0.00000E+00
203.582 0.00000E+00
226.202 0.00000E+00
248.822 0.00000E+00
271.442 0.00000E+00
294.063 0.00000E+00
316.683 0.00000E+00
339.303 0.00000E+00
361.923 0.00000E+00
384.543 0.00000E+00
407.164 0.00000E+00
429.784 0.00000E+00
452.404 0.00000E+00
475.024 0.00000E+00
497.644 0.00000E+00
520.265 0.00000E+00
542.885 0.00000E+00
565.505 0.00000E+00
588.125 0.00000E+00
610.745 0.00000E+00
633.366 0.00000E+00
655.986 0.00000E+00
678.606 0.00000E+00
701.226 0.00000E+00
723.846 0.00000E+00
746.467 0.00000E+00
769.087 0.00000E+00
791.707 0.00000E+00
814.327 0.00000E+00
836.947 0.00000E+00
859.568 0.00000E+00
882.188 0.00000E+00
904.808 0.00000E+00
927.428 0.00000E+00
950.048 0.00000E+00
972.669 0.00000E+00
995.289 0.00000E+00
1017.909 0.00000E+00
1040.529 0.00000E+00
1063.149 0.00000E+00
1085.770 0.00000E+00
1108.390 0.00000E+00
1131.010 0.00000E+00
1153.630 0.00000E+00
1176.250 0.00000E+00
1198.871 0.00000E+00
1221.491 0.00000E+00
1221.491 0.00000E+00
1264.103 0.00000E+00
1306.716 0.00000E+00
1349.328 0.00000E+00
1391.941 0.00000E+00
1434.554 0.00000E+00
1477.166 0.00000E+00
1519.779 0.00000E+00
1562.391 0.00000E+00
1605.004 0.00000E+00
1647.617 0.00000E+00
1690.229 0.00000E+00
1732.842 0.00000E+00
1775.454 0.00000E+00
1818.067 0.00000E+00
1860.679 0.00000E+00
1903.292 0.00000E+00
1945.905 0.00000E+00
1988.517 0.00000E+00
2031.130 0.00000E+00
2073.742 0.00000E+00
2116.355 0.00000E+00
2158.968 0.00000E+00
2201.580 0.00000E+00
2244.193 0.00000E+00
2286.805 0.00000E+00
2329.418 0.00000E+00
2372.031 0.00000E+00
2414.643 0.00000E+00
2457.256 0.00000E+00
2499.868 0.00000E+00
2542.481 0.00000E+00
2585.094 0.00000E+00
2627.706 0.00000E+00
2670.319 0.00000E+00
2712.931 0.00000E+00
2755.544 0.00000E+00
2798.156 0.00000E+00
2840.769 0.00000E+00
2883.382 0.00000E+00
2925.994 0.00000E+00
2968.607 0.00000E+00
3011.219 0.00000E+00
3053.832 0.00000E+00
3096.444 0.00000E+00
3139.057 0.00000E+00
3181.670 0.00000E+00
3224.282 0.00000E+00
3266.895 0.00000E+00
3309.508 0.00000E+00
3352.120 0.00000E+00
3394.733 0.00000E+00
3437.345 0.00000E+00
3479.958 0.00000E+00
3479.958 0.17917E+01
3517.468 0.77051E+00
3554.979 0.10425E+01
3592.490 0.19685E+01
3630.000 0.31517E+01
3630.000 0.31517E+01
3662.833 0.42212E+01
3695.667 0.52180E+01
3728.500 0.60899E+01
3761.333 0.68130E+01
3794.167 0.73817E+01
3827.000 0.78015E+01
3859.833 0.80844E+01
3892.667 0.82460E+01
3925.500 0.83028E+01
3958.333 0.82713E+01
3991.167 0.81672E+01
4024.000 0.80049E+01
4056.833 0.77971E+01
4089.667 0.75550E+01
4122.500 0.72884E+01
4155.333 0.70053E+01
4188.167 0.67127E+01
4221.000 0.64162E+01
4253.833 0.61205E+01
4286.667 0.58295E+01
4319.500 0.55460E+01
4352.333 0.52725E+01
4385.167 0.50106E+01
4418.000 0.47618E+01
4450.833 0.45269E+01
4483.667 0.43066E+01
4516.500 0.41011E+01
4549.333 0.39105E+01
4582.167 0.37349E+01
4615.000 0.35738E+01
4647.833 0.34270E+01
4680.667 0.32941E+01
4713.500 0.31743E+01
4746.333 0.30671E+01
4779.167 0.29718E+01
4812.000 0.28877E+01
4844.833 0.28138E+01
4877.667 0.27495E+01
4910.500 0.26938E+01
4943.333 0.26457E+01
4976.167 0.26045E+01
5009.000 0.25690E+01
5041.833 0.25385E+01
5074.667 0.25118E+01
5107.500 0.24882E+01
5140.333 0.24665E+01
5173.167 0.24458E+01
5206.000 0.24253E+01
5238.833 0.24039E+01
5271.667 0.23809E+01
5304.500 0.23555E+01
5337.333 0.23268E+01
5370.167 0.22942E+01
5403.000 0.22570E+01
5435.833 0.22146E+01
5468.667 0.21667E+01
5501.500 0.21129E+01
5534.333 0.20528E+01
5567.167 0.19864E+01
5600.000 0.19136E+01
5600.000 0.19136E+01
5625.250 0.18410E+01
5650.500 0.17652E+01
5675.750 0.16861E+01
5701.000 0.16037E+01
5701.000 0.15070E+01
5724.333 0.14465E+01
5747.667 0.13798E+01
5771.000 0.13075E+01
5771.000 0.13075E+01
5796.000 0.12183E+01
5821.000 0.11256E+01
5846.000 0.10300E+01
5871.000 0.93246E+00
5896.000 0.83386E+00
5921.000 0.73521E+00
5946.000 0.63757E+00
5971.000 0.54208E+00
5971.000 0.52917E+00
5993.500 0.45179E+00
6016.000 0.37641E+00
6038.500 0.30405E+00
6061.000 0.23571E+00
6083.500 0.17233E+00
6106.000 0.11481E+00
6128.500 0.63993E-01
6151.000 0.20623E-01
6151.000 0.18552E-01
6174.333 -0.18525E-01
6197.667 -0.45744E-01
6221.000 -0.62719E-01
6244.333 -0.69251E-01
6267.667 -0.65323E-01
6291.000 -0.51093E-01
6291.000 -0.54158E-01
6309.543 -0.35807E-01
6328.086 -0.11306E-01
6346.629 0.19054E-01
6346.629 -0.33077E-02
6351.314 0.41796E-02
6356.000 0.12030E-01
6356.000 0.78310E-02
6362.000 0.16383E-01
6368.000 0.25419E-01
6368.000 0.00000E+00
6369.500 0.00000E+00
6371.000 0.00000E+00
