0.000 0.00000E+00
22.620 0.00000E+00
45.240 0.00000E+00
67.861 0.00000E+00
90.481 0.00000E+00
113.101 0.00000E+00
135.721 0.00000E+00
158.341 0.00000E+00
180.962 0.00000E+00
203.582 0.00000E+00
226.202 0.00000E+00
248.822 0.00000E+00
271.442 0.00000E+00
294.063 0.00000E+00
316.683 0.00000E+00
339.303 0.00000E+00
361.923 0.00000E+00
384.543 0.00000E+00
407.164 0.00000E+00
429.784 0.00000E+00
452.404 0.00000E+00
475.024 0.00000E+00
497.644 0.00000E+00
520.265 0.00000E+00
542.885 0.00000E+00
565.505 0.00000E+00
588.125 0.00000E+00
610.745 0.00000E+00
633.366 0.00000E+00
655.986 0.00000E+00
678.606 0.00000E+00
701.226 0.00000E+00
723.846 0.00000E+00
746.467 0.00000E+00
769.087 0.00000E+00
791.707 0.00000E+00
814.327 0.00000E+00
836.947 0.00000E+00
859.568 0.00000E+00
882.188 0.00000E+00
904.808 0.00000E+00
927.428 0.00000E+00
950.048 0.00000E+00
972.669 0.00000E+00
995.289 0.00000E+00
1017.909 0.00000E+00
1040.529 0.00000E+00
1063.149 0.00000E+00
1085.770 0.00000E+00
1108.390 0.00000E+00
1131.010 0.00000E+00
1153.630 0.00000E+00
1176.250 0.00000E+00
1198.871 0.00000E+00
1221.491 0.00000E+00
1221.491 0.00000E+00
1264.103 0.00000E+00
1306.716 0.00000E+00
1349.328 0.00000E+00
1391.941 0.00000E+00
1434.554 0.00000E+00
1477.166 0.00000E+00
1519.779 0.00000E+00
1562.391 0.00000E+00
1605.004 0.00000E+00
1647.617 0.00000E+00
1690.229 0.00000E+00
1732.842 0.00000E+00
1775.454 0.00000E+00
1818.067 0.00000E+00
1860.679 0.00000E+00
1903.292 0.00000E+00
1945.905 0.00000E+00
1988.517 0.00000E+00
2031.130 0.00000E+00
2073.742 0.00000E+00
2116.355 0.00000E+00
2158.968 0.00000E+00
2201.580 0.00000E+00
2244.193 0.00000E+00
2286.805 0.00000E+00
2329.418 0.00000E+00
2372.031 0.00000E+00
2414.643 0.00000E+00
2457.256 0.00000E+00
2499.868 0.00000E+00
2542.481 0.00000E+00
2585.094 0.00000E+00
2627.706 0.00000E+00
2670.319 0.00000E+00
2712.931 0.00000E+00
2755.544 0.00000E+00
2798.156 0.00000E+00
2840.769 0.00000E+00
2883.382 0.00000E+00
2925.994 0.00000E+00
2968.607 0.00000E+00
3011.219 0.00000E+00
3053.832 0.00000E+00
3096.444 0.00000E+00
3139.057 0.00000E+00
3181.670 0.00000E+00
3224.282 0.00000E+00
3266.895 0.00000E+00
3309.508 0.00000E+00
3352.120 0.00000E+00
3394.733 0.00000E+00
3437.345 0.00000E+00
3479.958 0.00000E+00
3479.958 0.21832E+01
3517.468 0.25568E+01
3554.979 0.28852E+01
3592.490 0.31614E+01
3630.000 0.33792E+01
3630.000 0.33792E+01
3662.833 0.35124E+01
3695.667 0.35921E+01
3728.500 0.36146E+01
3761.333 0.35780E+01
3794.167 0.34816E+01
3827.000 0.33273E+01
3859.833 0.31191E+01
3892.667 0.28637E+01
3925.500 0.25702E+01
3958.333 0.22501E+01
3991.167 0.19169E+01
4024.000 0.15858E+01
4056.833 0.12725E+01
4089.667 0.99305E+00
4122.500 0.76259E+00
4155.333 0.59449E+00
4188.167 0.49947E+00
4221.000 0.48480E+00
4253.833 0.55356E+00
4286.667 0.70421E+00
4319.500 0.93031E+00
4352.333 0.12206E+01
4385.167 0.15596E+01
4418.000 0.19278E+01
4450.833 0.23034E+01
4483.667 0.26630E+01
4516.500 0.29834E+01
4549.333 0.32431E+01
4582.167 0.34241E+01
4615.000 0.35131E+01
4647.833 0.35027E+01
4680.667 0.33930E+01
4713.500 0.31913E+01
4746.333 0.29124E+01
4779.167 0.25780E+01
4812.000 0.22157E+01
4844.833 0.18572E+01
4877.667 0.15362E+01
4910.500 0.12860E+01
4943.333 0.11370E+01
4976.167 0.11143E+01
5009.000 0.12352E+01
5041.833 0.15075E+01
5074.667 0.19284E+01
5107.500 0.24835E+01
5140.333 0.31478E+01
5173.167 0.38864E+01
5206.000 0.46569E+01
5238.833 0.54115E+01
5271.667 0.61013E+01
5304.500 0.66789E+01
5337.333 0.71026E+01
5370.167 0.73394E+01
5403.000 0.73680E+01
5435.833 0.71806E+01
5468.667 0.67839E+01
5501.500 0.61989E+01
5534.333 0.54595E+01
5567.167 0.46097E+01
5600.000 0.37008E+01
5600.000 0.37008E+01
5625.250 0.30205E+01
5650.500 0.23740E+01
5675.750 0.17853E+01
5701.000 0.12751E+01
5701.000 0.11496E+01
5724.333 0.87237E+00
5747.667 0.66905E+00
5771.000 0.54077E+00
5771.000 0.54079E+00
5796.000 0.51671E+00
5821.000 0.59203E+00
5846.000 0.74437E+00
5871.000 0.94587E+00
5896.000 0.11655E+01
5921.000 0.13721E+01
5946.000 0.15370E+01
5971.000 0.16374E+01
5971.000 0.17815E+01
5993.500 0.17677E+01
6016.000 0.16915E+01
6038.500 0.15569E+01
6061.000 0.13719E+01
6083.500 0.11474E+01
6106.000 0.89667E+00
6128.500 0.63400E+00
6151.000 0.37400E+00
6151.000 0.39749E+00
6174.333 0.11579E+00
6197.667 -0.12280E+00
6221.000 -0.30226E+00
6244.333 -0.40994E+00
6267.667 -0.43552E+00
6291.000 -0.36998E+00
6291.000 -0.40016E+00
6309.543 -0.27165E+00
6328.086 -0.75445E-01
6346.629 0.19144E+00
6346.629 -0.19169E-01
6351.314 0.46700E-01
6356.000 0.11920E+00
6356.000 0.59743E-01
6362.000 0.13368E+00
6368.000 0.22278E+00
6368.000 0.00000E+00
6369.500 0.00000E+00
6371.000 0.00000E+00
