0.000 0.00000E+00
22.620 0.00000E+00
45.240 0.00000E+00
67.861 0.00000E+00
90.481 0.00000E+00
113.101 0.00000E+00
135.721 0.00000E+00
158.341 0.00000E+00
180.962 0.00000E+00
203.582 0.00000E+00
226.202 0.00000E+00
248.822 0.00000E+00
271.442 0.00000E+00
294.063 0.00000E+00
316.683 0.00000E+00
339.303 0.00000E+00
361.923 0.00000E+00
384.543 0.00000E+00
407.164 0.00000E+00
429.784 0.00000E+00
452.404 0.00000E+00
475.024 0.00000E+00
497.644 0.00000E+00
520.265 0.00000E+00
542.885 0.00000E+00
565.505 0.00000E+00
588.125 0.00000E+00
610.745 0.00000E+00
633.366 0.00000E+00
655.986 0.00000E+00
678.606 0.00000E+00
701.226 0.00000E+00
723.846 0.00000E+00
746.467 0.00000E+00
769.087 0.00000E+00
791.707 0.00000E+00
814.327 0.00000E+00
836.947 0.00000E+00
859.568 0.00000E+00
882.188 0.00000E+00
904.808 0.00000E+00
927.428 0.00000E+00
950.048 0.00000E+00
972.669 0.00000E+00
995.289 0.00000E+00
1017.909 0.00000E+00
1040.529 0.00000E+00
1063.149 0.00000E+00
1085.770 0.00000E+00
1108.390 0.00000E+00
1131.010 0.00000E+00
1153.630 0.00000E+00
1176.250 0.00000E+00
1198.871 0.00000E+00
1221.491 0.00000E+00
1221.491 0.00000E+00
1264.103 0.00000E+00
1306.716 0.00000E+00
1349.328 0.00000E+00
1391.941 0.00000E+00
1434.554 0.00000E+00
1477.166 0.00000E+00
1519.779 0.00000E+00
1562.391 0.00000E+00
1605.004 0.00000E+00
1647.617 0.00000E+00
1690.229 0.00000E+00
1732.842 0.00000E+00
1775.454 0.00000E+00
1818.067 0.00000E+00
1860.679 0.00000E+00
1903.292 0.00000E+00
1945.905 0.00000E+00
1988.517 0.00000E+00
2031.130 0.00000E+00
2073.742 0.00000E+00
2116.355 0.00000E+00
2158.968 0.00000E+00
2201.580 0.00000E+00
2244.193 0.00000E+00
2286.805 0.00000E+00
2329.418 0.00000E+00
2372.031 0.00000E+00
2414.643 0.00000E+00
2457.256 0.00000E+00
2499.868 -0.00000E+00
2542.481 -0.00000E+00
2585.094 -0.00000E+00
2627.706 -0.00000E+00
2670.319 -0.00000E+00
2712.931 -0.00000E+00
2755.544 -0.00000E+00
2798.156 -0.00000E+00
2840.769 -0.00000E+00
2883.382 -0.00000E+00
2925.994 -0.00000E+00
2968.607 0.00000E+00
3011.219 0.00000E+00
3053.832 0.00000E+00
3096.444 0.00000E+00
3139.057 0.00000E+00
3181.670 0.00000E+00
3224.282 0.00000E+00
3266.895 0.00000E+00
3309.508 -0.00000E+00
3352.120 -0.00000E+00
3394.733 -0.00000E+00
3437.345 -0.00000E+00
3479.958 -0.00000E+00
3479.958 0.29262E+01
3517.468 0.30279E+01
3554.979 0.28984E+01
3592.490 0.25519E+01
3630.000 0.20339E+01
3630.000 0.20339E+01
3662.833 0.14708E+01
3695.667 0.88849E+00
3728.500 0.33712E+00
3761.333 -0.14299E+00
3794.167 -0.52636E+00
3827.000 -0.80428E+00
3859.833 -0.98341E+00
3892.667 -0.10816E+01
3925.500 -0.11217E+01
3958.333 -0.11257E+01
3991.167 -0.11087E+01
4024.000 -0.10763E+01
4056.833 -0.10239E+01
4089.667 -0.93849E+00
4122.500 -0.80319E+00
4155.333 -0.60175E+00
4188.167 -0.32332E+00
4221.000 0.34039E-01
4253.833 0.46166E+00
4286.667 0.94027E+00
4319.500 0.14416E+01
4352.333 0.19309E+01
4385.167 0.23699E+01
4418.000 0.27203E+01
4450.833 0.29466E+01
4483.667 0.30195E+01
4516.500 0.29199E+01
4549.333 0.26420E+01
4582.167 0.21969E+01
4615.000 0.16146E+01
4647.833 0.94442E+00
4680.667 0.25152E+00
4713.500 -0.38933E+00
4746.333 -0.90349E+00
4779.167 -0.12280E+01
4812.000 -0.13227E+01
4844.833 -0.11791E+01
4877.667 -0.82316E+00
4910.500 -0.31344E+00
4943.333 0.26883E+00
4976.167 0.83347E+00
5009.000 0.12975E+01
5041.833 0.15997E+01
5074.667 0.17107E+01
5107.500 0.16361E+01
5140.333 0.14126E+01
5173.167 0.10974E+01
5206.000 0.75519E+00
5238.833 0.44475E+00
5271.667 0.20813E+00
5304.500 0.65230E-01
5337.333 0.13339E-01
5370.167 0.30997E-01
5403.000 0.84403E-01
5435.833 0.13455E+00
5468.667 0.14395E+00
5501.500 0.82629E-01
5534.333 -0.66270E-01
5567.167 -0.30111E+00
5600.000 -0.59707E+00
5600.000 -0.59707E+00
5625.250 -0.81736E+00
5650.500 -0.10116E+01
5675.750 -0.11438E+01
5701.000 -0.11740E+01
5701.000 -0.11396E+01
5724.333 -0.10875E+01
5747.667 -0.88275E+00
5771.000 -0.51249E+00
5771.000 -0.51248E+00
5796.000 0.68182E-01
5821.000 0.80319E+00
5846.000 0.16139E+01
5871.000 0.23842E+01
5896.000 0.29771E+01
5921.000 0.32618E+01
5946.000 0.31485E+01
5971.000 0.26205E+01
5971.000 0.29676E+01
5993.500 0.20694E+01
6016.000 0.10156E+01
6038.500 0.72827E-02
6061.000 -0.76396E+00
6083.500 -0.11596E+01
6106.000 -0.11260E+01
6128.500 -0.70567E+00
6151.000 -0.24254E-01
6151.000 0.27814E-01
6174.333 0.93910E+00
6197.667 0.16688E+01
6221.000 0.20477E+01
6244.333 0.20287E+01
6267.667 0.16838E+01
6291.000 0.11642E+01
6291.000 0.11401E+01
6309.543 0.73011E+00
6328.086 0.38536E+00
6346.629 0.14616E+00
6346.629 0.16335E+00
6351.314 0.11749E+00
6356.000 0.79161E-01
6356.000 0.79813E-01
6362.000 0.39038E-01
6368.000 0.13379E-01
6368.000 0.00000E+00
6369.500 0.00000E+00
6371.000 0.00000E+00
