0.000 0.00000E+00
22.620 0.00000E+00
45.240 0.00000E+00
67.861 0.00000E+00
90.481 0.00000E+00
113.101 0.00000E+00
135.721 0.00000E+00
158.341 0.00000E+00
180.962 0.00000E+00
203.582 0.00000E+00
226.202 0.00000E+00
248.822 0.00000E+00
271.442 0.00000E+00
294.063 0.00000E+00
316.683 0.00000E+00
339.303 0.00000E+00
361.923 0.00000E+00
384.543 0.00000E+00
407.164 0.00000E+00
429.784 0.00000E+00
452.404 0.00000E+00
475.024 0.00000E+00
497.644 0.00000E+00
520.265 0.00000E+00
542.885 0.00000E+00
565.505 0.00000E+00
588.125 0.00000E+00
610.745 0.00000E+00
633.366 0.00000E+00
655.986 0.00000E+00
678.606 0.00000E+00
701.226 0.00000E+00
723.846 0.00000E+00
746.467 0.00000E+00
769.087 0.00000E+00
791.707 0.00000E+00
814.327 0.00000E+00
836.947 0.00000E+00
859.568 0.00000E+00
882.188 0.00000E+00
904.808 0.00000E+00
927.428 0.00000E+00
950.048 0.00000E+00
972.669 0.00000E+00
995.289 0.00000E+00
1017.909 0.00000E+00
1040.529 0.00000E+00
1063.149 0.00000E+00
1085.770 0.00000E+00
1108.390 0.00000E+00
1131.010 0.00000E+00
1153.630 0.00000E+00
1176.250 0.00000E+00
1198.871 0.00000E+00
1221.491 0.00000E+00
1221.491 0.00000E+00
1264.103 0.00000E+00
1306.716 0.00000E+00
1349.328 0.00000E+00
1391.941 0.00000E+00
1434.554 0.00000E+00
1477.166 0.00000E+00
1519.779 0.00000E+00
1562.391 0.00000E+00
1605.004 0.00000E+00
1647.617 0.00000E+00
1690.229 0.00000E+00
1732.842 0.00000E+00
1775.454 0.00000E+00
1818.067 0.00000E+00
1860.679 0.00000E+00
1903.292 0.00000E+00
1945.905 0.00000E+00
1988.517 0.00000E+00
2031.130 0.00000E+00
2073.742 0.00000E+00
2116.355 0.00000E+00
2158.968 0.00000E+00
2201.580 0.00000E+00
2244.193 0.00000E+00
2286.805 0.00000E+00
2329.418 0.00000E+00
2372.031 0.00000E+00
2414.643 0.00000E+00
2457.256 0.00000E+00
2499.868 0.00000E+00
2542.481 0.00000E+00
2585.094 0.00000E+00
2627.706 0.00000E+00
2670.319 0.00000E+00
2712.931 0.00000E+00
2755.544 0.00000E+00
2798.156 0.00000E+00
2840.769 0.00000E+00
2883.382 0.00000E+00
2925.994 0.00000E+00
2968.607 0.00000E+00
3011.219 0.00000E+00
3053.832 0.00000E+00
3096.444 0.00000E+00
3139.057 0.00000E+00
3181.670 0.00000E+00
3224.282 0.00000E+00
3266.895 0.00000E+00
3309.508 0.00000E+00
3352.120 0.00000E+00
3394.733 0.00000E+00
3437.345 0.00000E+00
3479.958 0.00000E+00
3479.958 0.51006E-05
3517.468 0.42927E-05
3554.979 0.67756E-05
3592.490 0.10834E-04
3630.000 0.16185E-04
3630.000 0.16185E-04
3662.833 0.22359E-04
3695.667 0.30566E-04
3728.500 0.41704E-04
3761.333 0.56961E-04
3794.167 0.77892E-04
3827.000 0.10654E-03
3859.833 0.14561E-03
3892.667 0.19864E-03
3925.500 0.27030E-03
3958.333 0.36671E-03
3991.167 0.49586E-03
4024.000 0.66815E-03
4056.833 0.89702E-03
4089.667 0.11998E-02
4122.500 0.15989E-02
4155.333 0.21226E-02
4188.167 0.28073E-02
4221.000 0.36989E-02
4253.833 0.48554E-02
4286.667 0.63496E-02
4319.500 0.82725E-02
4352.333 0.10738E-01
4385.167 0.13885E-01
4418.000 0.17888E-01
4450.833 0.22960E-01
4483.667 0.29359E-01
4516.500 0.37401E-01
4549.333 0.47469E-01
4582.167 0.60021E-01
4615.000 0.75607E-01
4647.833 0.94880E-01
4680.667 0.11861E+00
4713.500 0.14772E+00
4746.333 0.18326E+00
4779.167 0.22646E+00
4812.000 0.27876E+00
4844.833 0.34177E+00
4877.667 0.41734E+00
4910.500 0.50755E+00
4943.333 0.61472E+00
4976.167 0.74138E+00
5009.000 0.89033E+00
5041.833 0.10645E+01
5074.667 0.12671E+01
5107.500 0.15014E+01
5140.333 0.17706E+01
5173.167 0.20780E+01
5206.000 0.24266E+01
5238.833 0.28190E+01
5271.667 0.32572E+01
5304.500 0.37426E+01
5337.333 0.42751E+01
5370.167 0.48535E+01
5403.000 0.54743E+01
5435.833 0.61322E+01
5468.667 0.68190E+01
5501.500 0.75233E+01
5534.333 0.82303E+01
5567.167 0.89210E+01
5600.000 0.95726E+01
5600.000 0.95726E+01
5625.250 0.10100E+02
5650.500 0.10588E+02
5675.750 0.11020E+02
5701.000 0.11380E+02
5701.000 0.12964E+02
5724.333 0.13291E+02
5747.667 0.13541E+02
5771.000 0.13692E+02
5771.000 0.13692E+02
5796.000 0.13925E+02
5821.000 0.14027E+02
5846.000 0.13980E+02
5871.000 0.13771E+02
5896.000 0.13389E+02
5921.000 0.12826E+02
5946.000 0.12082E+02
5971.000 0.11163E+02
5971.000 0.12088E+02
5993.500 0.11019E+02
6016.000 0.98136E+01
6038.500 0.84936E+01
6061.000 0.70904E+01
6083.500 0.56450E+01
6106.000 0.42077E+01
6128.500 0.28378E+01
6151.000 0.16031E+01
6151.000 0.19465E+01
6174.333 0.85324E+00
6197.667 0.49185E-01
6221.000 -0.37216E+00
6244.333 -0.31445E+00
6267.667 0.32060E+00
6291.000 0.16328E+01
6291.000 0.14840E+01
6309.543 0.30893E+01
6328.086 0.52540E+01
6346.629 0.80377E+01
6346.629 0.41929E+01
6351.314 0.48099E+01
6356.000 0.54559E+01
6356.000 0.36650E+01
6362.000 0.43259E+01
6368.000 0.50150E+01
6368.000 0.00000E+00
6369.500 0.00000E+00
6371.000 0.00000E+00
