0.000 0.00000E+00
22.620 0.00000E+00
45.240 0.00000E+00
67.861 0.00000E+00
90.481 0.00000E+00
113.101 0.00000E+00
135.721 0.00000E+00
158.341 0.00000E+00
180.962 0.00000E+00
203.582 0.00000E+00
226.202 0.00000E+00
248.822 0.00000E+00
271.442 0.00000E+00
294.063 0.00000E+00
316.683 0.00000E+00
339.303 0.00000E+00
361.923 0.00000E+00
384.543 0.00000E+00
407.164 0.00000E+00
429.784 0.00000E+00
452.404 0.00000E+00
475.024 0.00000E+00
497.644 0.00000E+00
520.265 0.00000E+00
542.885 0.00000E+00
565.505 0.00000E+00
588.125 0.00000E+00
610.745 0.00000E+00
633.366 0.00000E+00
655.986 0.00000E+00
678.606 0.00000E+00
701.226 0.00000E+00
723.846 0.00000E+00
746.467 0.00000E+00
769.087 0.00000E+00
791.707 0.00000E+00
814.327 0.00000E+00
836.947 0.00000E+00
859.568 0.00000E+00
882.188 0.00000E+00
904.808 0.00000E+00
927.428 0.00000E+00
950.048 0.00000E+00
972.669 0.00000E+00
995.289 0.00000E+00
1017.909 0.00000E+00
1040.529 0.00000E+00
1063.149 0.00000E+00
1085.770 0.00000E+00
1108.390 0.00000E+00
1131.010 0.00000E+00
1153.630 0.00000E+00
1176.250 0.00000E+00
1198.871 0.00000E+00
1221.491 0.00000E+00
1221.491 0.00000E+00
1264.103 0.00000E+00
1306.716 0.00000E+00
1349.328 0.00000E+00
1391.941 0.00000E+00
1434.554 0.00000E+00
1477.166 0.00000E+00
1519.779 0.00000E+00
1562.391 0.00000E+00
1605.004 0.00000E+00
1647.617 0.00000E+00
1690.229 0.00000E+00
1732.842 0.00000E+00
1775.454 0.00000E+00
1818.067 0.00000E+00
1860.679 0.00000E+00
1903.292 0.00000E+00
1945.905 0.00000E+00
1988.517 0.00000E+00
2031.130 0.00000E+00
2073.742 0.00000E+00
2116.355 0.00000E+00
2158.968 0.00000E+00
2201.580 0.00000E+00
2244.193 0.00000E+00
2286.805 0.00000E+00
2329.418 0.00000E+00
2372.031 0.00000E+00
2414.643 0.00000E+00
2457.256 0.00000E+00
2499.868 0.00000E+00
2542.481 0.00000E+00
2585.094 0.00000E+00
2627.706 0.00000E+00
2670.319 0.00000E+00
2712.931 0.00000E+00
2755.544 0.00000E+00
2798.156 0.00000E+00
2840.769 0.00000E+00
2883.382 -0.00000E+00
2925.994 -0.00000E+00
2968.607 -0.00000E+00
3011.219 -0.00000E+00
3053.832 -0.00000E+00
3096.444 -0.00000E+00
3139.057 -0.00000E+00
3181.670 -0.00000E+00
3224.282 -0.00000E+00
3266.895 -0.00000E+00
3309.508 -0.00000E+00
3352.120 0.00000E+00
3394.733 0.00000E+00
3437.345 0.00000E+00
3479.958 0.00000E+00
3479.958 0.74673E+00
3517.468 0.23844E+00
3554.979 0.21764E-01
3592.490 0.13574E+00
3630.000 0.54810E+00
3630.000 0.54810E+00
3662.833 0.10781E+01
3695.667 0.16694E+01
3728.500 0.22201E+01
3761.333 0.26376E+01
3794.167 0.28553E+01
3827.000 0.28459E+01
3859.833 0.26261E+01
3892.667 0.22546E+01
3925.500 0.18213E+01
3958.333 0.14305E+01
3991.167 0.11807E+01
4024.000 0.11448E+01
4056.833 0.13551E+01
4089.667 0.17960E+01
4122.500 0.24053E+01
4155.333 0.30854E+01
4188.167 0.37213E+01
4221.000 0.42022E+01
4253.833 0.44433E+01
4286.667 0.44014E+01
4319.500 0.40832E+01
4352.333 0.35432E+01
4385.167 0.28721E+01
4418.000 0.21776E+01
4450.833 0.15636E+01
4483.667 0.11097E+01
4516.500 0.85626E+00
4549.333 0.79952E+00
4582.167 0.89541E+00
4615.000 0.10723E+01
4647.833 0.12493E+01
4680.667 0.13549E+01
4713.500 0.13434E+01
4746.333 0.12037E+01
4779.167 0.96006E+00
4812.000 0.66468E+00
4844.833 0.38427E+00
4877.667 0.18470E+00
4910.500 0.11712E+00
4943.333 0.20880E+00
4976.167 0.46034E+00
5009.000 0.84885E+00
5041.833 0.13355E+01
5074.667 0.18744E+01
5107.500 0.24196E+01
5140.333 0.29302E+01
5173.167 0.33703E+01
5206.000 0.37080E+01
5238.833 0.39139E+01
5271.667 0.39617E+01
5304.500 0.38332E+01
5337.333 0.35256E+01
5370.167 0.30604E+01
5403.000 0.24890E+01
5435.833 0.18923E+01
5468.667 0.13709E+01
5501.500 0.10265E+01
5534.333 0.93898E+00
5567.167 0.11425E+01
5600.000 0.16107E+01
5600.000 0.16107E+01
5625.250 0.21473E+01
5650.500 0.27564E+01
5675.750 0.33551E+01
5701.000 0.38506E+01
5701.000 0.49486E+01
5724.333 0.51559E+01
5747.667 0.50459E+01
5771.000 0.46436E+01
5771.000 0.46436E+01
5796.000 0.40385E+01
5821.000 0.32550E+01
5846.000 0.24540E+01
5871.000 0.18037E+01
5896.000 0.14348E+01
5921.000 0.14015E+01
5946.000 0.16610E+01
5971.000 0.20818E+01
5971.000 0.23167E+01
5993.500 0.26575E+01
6016.000 0.28011E+01
6038.500 0.27147E+01
6061.000 0.24520E+01
6083.500 0.21350E+01
6106.000 0.19146E+01
6128.500 0.19176E+01
6151.000 0.21997E+01
6151.000 0.23011E+01
6174.333 0.28719E+01
6197.667 0.35275E+01
6221.000 0.40026E+01
6244.333 0.40579E+01
6267.667 0.35827E+01
6291.000 0.26606E+01
6291.000 0.25500E+01
6309.543 0.17161E+01
6328.086 0.97200E+00
6346.629 0.50763E+00
6346.629 0.42244E+00
6351.314 0.33026E+00
6356.000 0.27426E+00
6356.000 0.27815E+00
6362.000 0.19419E+00
6368.000 0.20657E+00
6368.000 0.00000E+00
6369.500 0.00000E+00
6371.000 0.00000E+00
