0.000 0.00000E+00
22.620 0.00000E+00
45.240 0.00000E+00
67.861 0.00000E+00
90.481 0.00000E+00
113.101 0.00000E+00
135.721 0.00000E+00
158.341 0.00000E+00
180.962 0.00000E+00
203.582 0.00000E+00
226.202 0.00000E+00
248.822 0.00000E+00
271.442 0.00000E+00
294.063 0.00000E+00
316.683 0.00000E+00
339.303 0.00000E+00
361.923 0.00000E+00
384.543 0.00000E+00
407.164 0.00000E+00
429.784 0.00000E+00
452.404 0.00000E+00
475.024 0.00000E+00
497.644 0.00000E+00
520.265 0.00000E+00
542.885 0.00000E+00
565.505 0.00000E+00
588.125 0.00000E+00
610.745 0.00000E+00
633.366 0.00000E+00
655.986 0.00000E+00
678.606 0.00000E+00
701.226 0.00000E+00
723.846 0.00000E+00
746.467 0.00000E+00
769.087 0.00000E+00
791.707 0.00000E+00
814.327 0.00000E+00
836.947 0.00000E+00
859.568 0.00000E+00
882.188 0.00000E+00
904.808 0.00000E+00
927.428 0.00000E+00
950.048 0.00000E+00
972.669 0.00000E+00
995.289 0.00000E+00
1017.909 0.00000E+00
1040.529 0.00000E+00
1063.149 0.00000E+00
1085.770 0.00000E+00
1108.390 0.00000E+00
1131.010 0.00000E+00
1153.630 0.00000E+00
1176.250 0.00000E+00
1198.871 0.00000E+00
1221.491 0.00000E+00
1221.491 0.00000E+00
1264.103 0.00000E+00
1306.716 0.00000E+00
1349.328 0.00000E+00
1391.941 0.00000E+00
1434.554 0.00000E+00
1477.166 0.00000E+00
1519.779 0.00000E+00
1562.391 0.00000E+00
1605.004 0.00000E+00
1647.617 0.00000E+00
1690.229 0.00000E+00
1732.842 0.00000E+00
1775.454 0.00000E+00
1818.067 0.00000E+00
1860.679 0.00000E+00
1903.292 0.00000E+00
1945.905 0.00000E+00
1988.517 0.00000E+00
2031.130 0.00000E+00
2073.742 0.00000E+00
2116.355 0.00000E+00
2158.968 0.00000E+00
2201.580 0.00000E+00
2244.193 0.00000E+00
2286.805 0.00000E+00
2329.418 0.00000E+00
2372.031 0.00000E+00
2414.643 0.00000E+00
2457.256 0.00000E+00
2499.868 0.00000E+00
2542.481 0.00000E+00
2585.094 0.00000E+00
2627.706 0.00000E+00
2670.319 0.00000E+00
2712.931 0.00000E+00
2755.544 0.00000E+00
2798.156 0.00000E+00
2840.769 0.00000E+00
2883.382 0.00000E+00
2925.994 0.00000E+00
2968.607 0.00000E+00
3011.219 0.00000E+00
3053.832 0.00000E+00
3096.444 0.00000E+00
3139.057 0.00000E+00
3181.670 0.00000E+00
3224.282 0.00000E+00
3266.895 0.00000E+00
3309.508 0.00000E+00
3352.120 0.00000E+00
3394.733 0.00000E+00
3437.345 0.00000E+00
3479.958 0.00000E+00
3479.958 -0.44454E-01
3517.468 -0.39025E-01
3554.979 0.55036E-01
3592.490 0.18563E+00
3630.000 0.32256E+00
3630.000 0.32256E+00
3662.833 0.43528E+00
3695.667 0.53471E+00
3728.500 0.61854E+00
3761.333 0.68649E+00
3794.167 0.73950E+00
3827.000 0.77916E+00
3859.833 0.80728E+00
3892.667 0.82577E+00
3925.500 0.83639E+00
3958.333 0.84075E+00
3991.167 0.84022E+00
4024.000 0.83594E+00
4056.833 0.82883E+00
4089.667 0.81959E+00
4122.500 0.80872E+00
4155.333 0.79653E+00
4188.167 0.78319E+00
4221.000 0.76875E+00
4253.833 0.75311E+00
4286.667 0.73611E+00
4319.500 0.71752E+00
4352.333 0.69705E+00
4385.167 0.67440E+00
4418.000 0.64923E+00
4450.833 0.62125E+00
4483.667 0.59018E+00
4516.500 0.55580E+00
4549.333 0.51796E+00
4582.167 0.47661E+00
4615.000 0.43182E+00
4647.833 0.38378E+00
4680.667 0.33286E+00
4713.500 0.27960E+00
4746.333 0.22473E+00
4779.167 0.16921E+00
4812.000 0.11422E+00
4844.833 0.61203E-01
4877.667 0.11838E-01
4910.500 -0.31909E-01
4943.333 -0.67808E-01
4976.167 -0.93357E-01
5009.000 -0.10579E+00
5041.833 -0.10207E+00
5074.667 -0.78950E-01
5107.500 -0.32939E-01
5140.333 0.39625E-01
5173.167 0.14256E+00
5206.000 0.27977E+00
5238.833 0.45522E+00
5271.667 0.67286E+00
5304.500 0.93656E+00
5337.333 0.12500E+01
5370.167 0.16167E+01
5403.000 0.20398E+01
5435.833 0.25220E+01
5468.667 0.30654E+01
5501.500 0.36717E+01
5534.333 0.43417E+01
5567.167 0.50754E+01
5600.000 0.58720E+01
5600.000 0.58720E+01
5625.250 0.65514E+01
5650.500 0.72655E+01
5675.750 0.80104E+01
5701.000 0.87815E+01
5701.000 0.86603E+01
5724.333 0.93399E+01
5747.667 0.10024E+02
5771.000 0.10708E+02
5771.000 0.10708E+02
5796.000 0.11390E+02
5821.000 0.12038E+02
5846.000 0.12642E+02
5871.000 0.13190E+02
5896.000 0.13669E+02
5921.000 0.14067E+02
5946.000 0.14374E+02
5971.000 0.14579E+02
5971.000 0.14275E+02
5993.500 0.14420E+02
6016.000 0.14484E+02
6038.500 0.14464E+02
6061.000 0.14357E+02
6083.500 0.14163E+02
6106.000 0.13882E+02
6128.500 0.13516E+02
6151.000 0.13068E+02
6151.000 0.12438E+02
6174.333 0.11848E+02
6197.667 0.11189E+02
6221.000 0.10472E+02
6244.333 0.97094E+01
6267.667 0.89117E+01
6291.000 0.80913E+01
6291.000 0.81497E+01
6309.543 0.74838E+01
6328.086 0.68176E+01
6346.629 0.61567E+01
6346.629 0.40212E+01
6351.314 0.38849E+01
6356.000 0.37499E+01
6356.000 0.26036E+01
6362.000 0.24633E+01
6368.000 0.23296E+01
6368.000 0.00000E+00
6369.500 0.00000E+00
6371.000 0.00000E+00
