0.000 0.00000E+00
22.620 0.00000E+00
45.240 0.00000E+00
67.861 0.00000E+00
90.481 0.00000E+00
113.101 0.00000E+00
135.721 0.00000E+00
158.341 0.00000E+00
180.962 0.00000E+00
203.582 0.00000E+00
226.202 0.00000E+00
248.822 0.00000E+00
271.442 0.00000E+00
294.063 0.00000E+00
316.683 0.00000E+00
339.303 0.00000E+00
361.923 0.00000E+00
384.543 0.00000E+00
407.164 0.00000E+00
429.784 0.00000E+00
452.404 0.00000E+00
475.024 0.00000E+00
497.644 0.00000E+00
520.265 0.00000E+00
542.885 0.00000E+00
565.505 0.00000E+00
588.125 0.00000E+00
610.745 0.00000E+00
633.366 0.00000E+00
655.986 0.00000E+00
678.606 0.00000E+00
701.226 0.00000E+00
723.846 0.00000E+00
746.467 0.00000E+00
769.087 0.00000E+00
791.707 0.00000E+00
814.327 0.00000E+00
836.947 0.00000E+00
859.568 0.00000E+00
882.188 0.00000E+00
904.808 0.00000E+00
927.428 0.00000E+00
950.048 0.00000E+00
972.669 0.00000E+00
995.289 0.00000E+00
1017.909 0.00000E+00
1040.529 0.00000E+00
1063.149 0.00000E+00
1085.770 0.00000E+00
1108.390 0.00000E+00
1131.010 0.00000E+00
1153.630 0.00000E+00
1176.250 0.00000E+00
1198.871 0.00000E+00
1221.491 0.00000E+00
1221.491 0.00000E+00
1264.103 0.00000E+00
1306.716 0.00000E+00
1349.328 0.00000E+00
1391.941 0.00000E+00
1434.554 0.00000E+00
1477.166 0.00000E+00
1519.779 0.00000E+00
1562.391 0.00000E+00
1605.004 0.00000E+00
1647.617 0.00000E+00
1690.229 0.00000E+00
1732.842 0.00000E+00
1775.454 0.00000E+00
1818.067 0.00000E+00
1860.679 0.00000E+00
1903.292 0.00000E+00
1945.905 0.00000E+00
1988.517 0.00000E+00
2031.130 0.00000E+00
2073.742 0.00000E+00
2116.355 0.00000E+00
2158.968 0.00000E+00
2201.580 0.00000E+00
2244.193 0.00000E+00
2286.805 0.00000E+00
2329.418 0.00000E+00
2372.031 0.00000E+00
2414.643 0.00000E+00
2457.256 0.00000E+00
2499.868 0.00000E+00
2542.481 0.00000E+00
2585.094 0.00000E+00
2627.706 0.00000E+00
2670.319 0.00000E+00
2712.931 0.00000E+00
2755.544 0.00000E+00
2798.156 0.00000E+00
2840.769 0.00000E+00
2883.382 0.00000E+00
2925.994 0.00000E+00
2968.607 0.00000E+00
3011.219 0.00000E+00
3053.832 0.00000E+00
3096.444 0.00000E+00
3139.057 0.00000E+00
3181.670 0.00000E+00
3224.282 0.00000E+00
3266.895 0.00000E+00
3309.508 0.00000E+00
3352.120 0.00000E+00
3394.733 0.00000E+00
3437.345 0.00000E+00
3479.958 0.00000E+00
3479.958 0.20137E+01
3517.468 0.24321E+01
3554.979 0.28375E+01
3592.490 0.32255E+01
3630.000 0.35930E+01
3630.000 0.35930E+01
3662.833 0.38912E+01
3695.667 0.41689E+01
3728.500 0.44244E+01
3761.333 0.46556E+01
3794.167 0.48608E+01
3827.000 0.50377E+01
3859.833 0.51846E+01
3892.667 0.52994E+01
3925.500 0.53804E+01
3958.333 0.54259E+01
3991.167 0.54346E+01
4024.000 0.54057E+01
4056.833 0.53386E+01
4089.667 0.52332E+01
4122.500 0.50903E+01
4155.333 0.49109E+01
4188.167 0.46969E+01
4221.000 0.44507E+01
4253.833 0.41756E+01
4286.667 0.38753E+01
4319.500 0.35544E+01
4352.333 0.32177E+01
4385.167 0.28710E+01
4418.000 0.25202E+01
4450.833 0.21716E+01
4483.667 0.18319E+01
4516.500 0.15076E+01
4549.333 0.12054E+01
4582.167 0.93173E+00
4615.000 0.69271E+00
4647.833 0.49398E+00
4680.667 0.34053E+00
4713.500 0.23660E+00
4746.333 0.18552E+00
4779.167 0.18961E+00
4812.000 0.25010E+00
4844.833 0.36700E+00
4877.667 0.53914E+00
4910.500 0.76406E+00
4943.333 0.10381E+01
4976.167 0.13563E+01
5009.000 0.17128E+01
5041.833 0.21006E+01
5074.667 0.25117E+01
5107.500 0.29377E+01
5140.333 0.33695E+01
5173.167 0.37976E+01
5206.000 0.42128E+01
5238.833 0.46058E+01
5271.667 0.49678E+01
5304.500 0.52908E+01
5337.333 0.55674E+01
5370.167 0.57917E+01
5403.000 0.59590E+01
5435.833 0.60659E+01
5468.667 0.61107E+01
5501.500 0.60935E+01
5534.333 0.60159E+01
5567.167 0.58812E+01
5600.000 0.56943E+01
5600.000 0.56943E+01
5625.250 0.54964E+01
5650.500 0.52812E+01
5675.750 0.50540E+01
5701.000 0.48206E+01
5701.000 0.49137E+01
5724.333 0.47244E+01
5747.667 0.45298E+01
5771.000 0.43341E+01
5771.000 0.43341E+01
5796.000 0.41832E+01
5821.000 0.40552E+01
5846.000 0.39533E+01
5871.000 0.38790E+01
5896.000 0.38325E+01
5921.000 0.38120E+01
5946.000 0.38140E+01
5971.000 0.38331E+01
5971.000 0.44008E+01
5993.500 0.42963E+01
6016.000 0.41918E+01
6038.500 0.40864E+01
6061.000 0.39794E+01
6083.500 0.38702E+01
6106.000 0.37587E+01
6128.500 0.36454E+01
6151.000 0.35315E+01
6151.000 0.37121E+01
6174.333 0.35064E+01
6197.667 0.33152E+01
6221.000 0.31438E+01
6244.333 0.29991E+01
6267.667 0.28885E+01
6291.000 0.28199E+01
6291.000 0.27712E+01
6309.543 0.27661E+01
6328.086 0.27930E+01
6346.629 0.28552E+01
6346.629 0.17221E+01
6351.314 0.17378E+01
6356.000 0.17586E+01
6356.000 0.12304E+01
6362.000 0.12450E+01
6368.000 0.12755E+01
6368.000 0.00000E+00
6369.500 0.00000E+00
6371.000 0.00000E+00
