0.000 0.00000E+00
22.620 0.00000E+00
45.240 0.00000E+00
67.861 0.00000E+00
90.481 0.00000E+00
113.101 0.00000E+00
135.721 0.00000E+00
158.341 0.00000E+00
180.962 0.00000E+00
203.582 0.00000E+00
226.202 0.00000E+00
248.822 0.00000E+00
271.442 0.00000E+00
294.063 0.00000E+00
316.683 0.00000E+00
339.303 0.00000E+00
361.923 0.00000E+00
384.543 0.00000E+00
407.164 0.00000E+00
429.784 0.00000E+00
452.404 0.00000E+00
475.024 0.00000E+00
497.644 0.00000E+00
520.265 0.00000E+00
542.885 0.00000E+00
565.505 0.00000E+00
588.125 0.00000E+00
610.745 0.00000E+00
633.366 0.00000E+00
655.986 0.00000E+00
678.606 0.00000E+00
701.226 0.00000E+00
723.846 0.00000E+00
746.467 0.00000E+00
769.087 0.00000E+00
791.707 0.00000E+00
814.327 0.00000E+00
836.947 0.00000E+00
859.568 0.00000E+00
882.188 0.00000E+00
904.808 0.00000E+00
927.428 0.00000E+00
950.048 0.00000E+00
972.669 0.00000E+00
995.289 0.00000E+00
1017.909 0.00000E+00
1040.529 0.00000E+00
1063.149 0.00000E+00
1085.770 0.00000E+00
1108.390 0.00000E+00
1131.010 0.00000E+00
1153.630 0.00000E+00
1176.250 0.00000E+00
1198.871 0.00000E+00
1221.491 0.00000E+00
1221.491 0.00000E+00
1264.103 0.00000E+00
1306.716 0.00000E+00
1349.328 0.00000E+00
1391.941 0.00000E+00
1434.554 0.00000E+00
1477.166 0.00000E+00
1519.779 0.00000E+00
1562.391 0.00000E+00
1605.004 0.00000E+00
1647.617 0.00000E+00
1690.229 0.00000E+00
1732.842 0.00000E+00
1775.454 0.00000E+00
1818.067 0.00000E+00
1860.679 0.00000E+00
1903.292 0.00000E+00
1945.905 0.00000E+00
1988.517 0.00000E+00
2031.130 0.00000E+00
2073.742 0.00000E+00
2116.355 0.00000E+00
2158.968 0.00000E+00
2201.580 0.00000E+00
2244.193 0.00000E+00
2286.805 0.00000E+00
2329.418 0.00000E+00
2372.031 0.00000E+00
2414.643 0.00000E+00
2457.256 0.00000E+00
2499.868 0.00000E+00
2542.481 0.00000E+00
2585.094 0.00000E+00
2627.706 0.00000E+00
2670.319 0.00000E+00
2712.931 0.00000E+00
2755.544 0.00000E+00
2798.156 0.00000E+00
2840.769 0.00000E+00
2883.382 0.00000E+00
2925.994 0.00000E+00
2968.607 0.00000E+00
3011.219 0.00000E+00
3053.832 -0.00000E+00
3096.444 -0.00000E+00
3139.057 -0.00000E+00
3181.670 -0.00000E+00
3224.282 -0.00000E+00
3266.895 -0.00000E+00
3309.508 -0.00000E+00
3352.120 -0.00000E+00
3394.733 -0.00000E+00
3437.345 -0.00000E+00
3479.958 -0.00000E+00
3479.958 -0.52091E-01
3517.468 -0.56293E-01
3554.979 -0.48604E-01
3592.490 -0.29900E-01
3630.000 -0.80063E-03
3630.000 -0.80042E-03
3662.833 0.29688E-01
3695.667 0.67148E-01
3728.500 0.11120E+00
3761.333 0.16146E+00
3794.167 0.21751E+00
3827.000 0.27885E+00
3859.833 0.34492E+00
3892.667 0.41507E+00
3925.500 0.48853E+00
3958.333 0.56444E+00
3991.167 0.64183E+00
4024.000 0.71962E+00
4056.833 0.79664E+00
4089.667 0.87166E+00
4122.500 0.94337E+00
4155.333 0.10104E+01
4188.167 0.10715E+01
4221.000 0.11252E+01
4253.833 0.11703E+01
4286.667 0.12056E+01
4319.500 0.12300E+01
4352.333 0.12425E+01
4385.167 0.12423E+01
4418.000 0.12288E+01
4450.833 0.12018E+01
4483.667 0.11609E+01
4516.500 0.11065E+01
4549.333 0.10390E+01
4582.167 0.95892E+00
4615.000 0.86738E+00
4647.833 0.76558E+00
4680.667 0.65504E+00
4713.500 0.53746E+00
4746.333 0.41480E+00
4779.167 0.28914E+00
4812.000 0.16272E+00
4844.833 0.37845E-01
4877.667 -0.83148E-01
4910.500 -0.19793E+00
4943.333 -0.30427E+00
4976.167 -0.40003E+00
5009.000 -0.48327E+00
5041.833 -0.55229E+00
5074.667 -0.60564E+00
5107.500 -0.64222E+00
5140.333 -0.66125E+00
5173.167 -0.66232E+00
5206.000 -0.64545E+00
5238.833 -0.61101E+00
5271.667 -0.55981E+00
5304.500 -0.49300E+00
5337.333 -0.41213E+00
5370.167 -0.31903E+00
5403.000 -0.21586E+00
5435.833 -0.10496E+00
5468.667 0.11127E-01
5501.500 0.12975E+00
5534.333 0.24824E+00
5567.167 0.36393E+00
5600.000 0.47429E+00
5600.000 0.47429E+00
5625.250 0.61854E+00
5650.500 0.75610E+00
5675.750 0.88508E+00
5701.000 0.10036E+01
5701.000 0.16699E+01
5724.333 0.17122E+01
5747.667 0.17374E+01
5771.000 0.17453E+01
5771.000 0.17453E+01
5796.000 0.18045E+01
5821.000 0.18431E+01
5846.000 0.18596E+01
5871.000 0.18532E+01
5896.000 0.18236E+01
5921.000 0.17711E+01
5946.000 0.16964E+01
5971.000 0.16010E+01
5971.000 0.18158E+01
5993.500 0.16640E+01
6016.000 0.15032E+01
6038.500 0.13369E+01
6061.000 0.11687E+01
6083.500 0.10021E+01
6106.000 0.84048E+00
6128.500 0.68690E+00
6151.000 0.54414E+00
6151.000 0.60784E+00
6174.333 0.45876E+00
6197.667 0.32750E+00
6221.000 0.21668E+00
6244.333 0.12798E+00
6267.667 0.62159E-01
6291.000 0.19151E-01
6291.000 0.17703E-01
6309.543 -0.80788E-04
6328.086 -0.48964E-02
6346.629 0.23598E-02
6346.629 -0.88309E-02
6351.314 -0.53693E-02
6356.000 -0.11891E-02
6356.000 -0.44266E-02
6362.000 0.66210E-03
6368.000 0.68514E-02
6368.000 0.00000E+00
6369.500 0.00000E+00
6371.000 0.00000E+00
