0.000 0.00000E+00
22.620 0.00000E+00
45.240 0.00000E+00
67.861 0.00000E+00
90.481 0.00000E+00
113.101 0.00000E+00
135.721 0.00000E+00
158.341 0.00000E+00
180.962 0.00000E+00
203.582 0.00000E+00
226.202 0.00000E+00
248.822 0.00000E+00
271.442 0.00000E+00
294.063 0.00000E+00
316.683 0.00000E+00
339.303 0.00000E+00
361.923 0.00000E+00
384.543 0.00000E+00
407.164 0.00000E+00
429.784 0.00000E+00
452.404 0.00000E+00
475.024 0.00000E+00
497.644 0.00000E+00
520.265 0.00000E+00
542.885 0.00000E+00
565.505 0.00000E+00
588.125 0.00000E+00
610.745 0.00000E+00
633.366 0.00000E+00
655.986 0.00000E+00
678.606 0.00000E+00
701.226 0.00000E+00
723.846 0.00000E+00
746.467 0.00000E+00
769.087 0.00000E+00
791.707 0.00000E+00
814.327 0.00000E+00
836.947 0.00000E+00
859.568 0.00000E+00
882.188 0.00000E+00
904.808 0.00000E+00
927.428 0.00000E+00
950.048 0.00000E+00
972.669 0.00000E+00
995.289 0.00000E+00
1017.909 0.00000E+00
1040.529 0.00000E+00
1063.149 0.00000E+00
1085.770 0.00000E+00
1108.390 0.00000E+00
1131.010 0.00000E+00
1153.630 0.00000E+00
1176.250 0.00000E+00
1198.871 0.00000E+00
1221.491 0.00000E+00
1221.491 0.00000E+00
1264.103 0.00000E+00
1306.716 0.00000E+00
1349.328 0.00000E+00
1391.941 0.00000E+00
1434.554 0.00000E+00
1477.166 0.00000E+00
1519.779 0.00000E+00
1562.391 0.00000E+00
1605.004 0.00000E+00
1647.617 0.00000E+00
1690.229 0.00000E+00
1732.842 0.00000E+00
1775.454 0.00000E+00
1818.067 0.00000E+00
1860.679 0.00000E+00
1903.292 0.00000E+00
1945.905 0.00000E+00
1988.517 0.00000E+00
2031.130 0.00000E+00
2073.742 0.00000E+00
2116.355 0.00000E+00
2158.968 0.00000E+00
2201.580 0.00000E+00
2244.193 0.00000E+00
2286.805 0.00000E+00
2329.418 0.00000E+00
2372.031 0.00000E+00
2414.643 0.00000E+00
2457.256 0.00000E+00
2499.868 0.00000E+00
2542.481 0.00000E+00
2585.094 0.00000E+00
2627.706 0.00000E+00
2670.319 0.00000E+00
2712.931 0.00000E+00
2755.544 0.00000E+00
2798.156 0.00000E+00
2840.769 0.00000E+00
2883.382 0.00000E+00
2925.994 0.00000E+00
2968.607 0.00000E+00
3011.219 0.00000E+00
3053.832 0.00000E+00
3096.444 0.00000E+00
3139.057 0.00000E+00
3181.670 0.00000E+00
3224.282 0.00000E+00
3266.895 0.00000E+00
3309.508 0.00000E+00
3352.120 0.00000E+00
3394.733 0.00000E+00
3437.345 0.00000E+00
3479.958 0.00000E+00
3479.958 0.00000E+00
3517.468 0.00000E+00
3554.979 0.00000E+00
3592.490 0.00000E+00
3630.000 0.00000E+00
3630.000 0.00000E+00
3662.833 0.00000E+00
3695.667 0.00000E+00
3728.500 0.00000E+00
3761.333 0.00000E+00
3794.167 0.11595E-06
3827.000 0.10270E-05
3859.833 0.13857E-05
3892.667 0.20065E-05
3925.500 0.29629E-05
3958.333 0.43952E-05
3991.167 0.65161E-05
4024.000 0.96349E-05
4056.833 0.14196E-04
4089.667 0.20832E-04
4122.500 0.30441E-04
4155.333 0.44290E-04
4188.167 0.64154E-04
4221.000 0.92517E-04
4253.833 0.13283E-03
4286.667 0.18985E-03
4319.500 0.27016E-03
4352.333 0.38273E-03
4385.167 0.53981E-03
4418.000 0.75802E-03
4450.833 0.10598E-02
4483.667 0.14751E-02
4516.500 0.20443E-02
4549.333 0.28208E-02
4582.167 0.38751E-02
4615.000 0.53002E-02
4647.833 0.72178E-02
4680.667 0.97860E-02
4713.500 0.13210E-01
4746.333 0.17753E-01
4779.167 0.23752E-01
4812.000 0.31638E-01
4844.833 0.41952E-01
4877.667 0.55377E-01
4910.500 0.72766E-01
4943.333 0.95173E-01
4976.167 0.12390E+00
5009.000 0.16053E+00
5041.833 0.20700E+00
5074.667 0.26561E+00
5107.500 0.33913E+00
5140.333 0.43079E+00
5173.167 0.54439E+00
5206.000 0.68429E+00
5238.833 0.85543E+00
5271.667 0.10633E+01
5304.500 0.13141E+01
5337.333 0.16141E+01
5370.167 0.19702E+01
5403.000 0.23890E+01
5435.833 0.28769E+01
5468.667 0.34393E+01
5501.500 0.40801E+01
5534.333 0.48005E+01
5567.167 0.55986E+01
5600.000 0.64674E+01
5600.000 0.64674E+01
5625.250 0.72216E+01
5650.500 0.80141E+01
5675.750 0.88339E+01
5701.000 0.96661E+01
5701.000 0.10846E+02
5724.333 0.11719E+02
5747.667 0.12595E+02
5771.000 0.13440E+02
5771.000 0.13440E+02
5796.000 0.14449E+02
5821.000 0.15389E+02
5846.000 0.16225E+02
5871.000 0.16920E+02
5896.000 0.17433E+02
5921.000 0.17727E+02
5946.000 0.17765E+02
5971.000 0.17515E+02
5971.000 0.18631E+02
5993.500 0.18076E+02
6016.000 0.17218E+02
6038.500 0.16052E+02
6061.000 0.14588E+02
6083.500 0.12857E+02
6106.000 0.10907E+02
6128.500 0.88105E+01
6151.000 0.66610E+01
6151.000 0.76184E+01
6174.333 0.54269E+01
6197.667 0.34226E+01
6221.000 0.17935E+01
6244.333 0.75369E+00
6267.667 0.54380E+00
6291.000 0.14341E+01
6291.000 0.12438E+01
6309.543 0.29572E+01
6328.086 0.57574E+01
6346.629 0.98497E+01
6346.629 0.50110E+01
6351.314 0.59433E+01
6356.000 0.69391E+01
6356.000 0.46025E+01
6362.000 0.56292E+01
6368.000 0.67180E+01
6368.000 0.00000E+00
6369.500 0.00000E+00
6371.000 0.00000E+00
