0.000 0.00000E+00
22.620 0.00000E+00
45.240 0.00000E+00
67.861 0.00000E+00
90.481 0.00000E+00
113.101 0.00000E+00
135.721 0.00000E+00
158.341 0.00000E+00
180.962 0.00000E+00
203.582 0.00000E+00
226.202 0.00000E+00
248.822 0.00000E+00
271.442 0.00000E+00
294.063 0.00000E+00
316.683 0.00000E+00
339.303 0.00000E+00
361.923 0.00000E+00
384.543 0.00000E+00
407.164 0.00000E+00
429.784 0.00000E+00
452.404 0.00000E+00
475.024 0.00000E+00
497.644 0.00000E+00
520.265 0.00000E+00
542.885 0.00000E+00
565.505 0.00000E+00
588.125 0.00000E+00
610.745 0.00000E+00
633.366 0.00000E+00
655.986 0.00000E+00
678.606 0.00000E+00
701.226 0.00000E+00
723.846 0.00000E+00
746.467 0.00000E+00
769.087 0.00000E+00
791.707 0.00000E+00
814.327 0.00000E+00
836.947 0.00000E+00
859.568 0.00000E+00
882.188 0.00000E+00
904.808 0.00000E+00
927.428 0.00000E+00
950.048 0.00000E+00
972.669 0.00000E+00
995.289 0.00000E+00
1017.909 0.00000E+00
1040.529 0.00000E+00
1063.149 0.00000E+00
1085.770 0.00000E+00
1108.390 0.00000E+00
1131.010 0.00000E+00
1153.630 0.00000E+00
1176.250 0.00000E+00
1198.871 0.00000E+00
1221.491 0.61473E-05
1221.491 0.00000E+00
1264.103 0.00000E+00
1306.716 0.00000E+00
1349.328 0.00000E+00
1391.941 0.00000E+00
1434.554 0.00000E+00
1477.166 0.00000E+00
1519.779 0.00000E+00
1562.391 0.00000E+00
1605.004 0.00000E+00
1647.617 0.00000E+00
1690.229 0.00000E+00
1732.842 0.00000E+00
1775.454 0.00000E+00
1818.067 0.00000E+00
1860.679 0.00000E+00
1903.292 0.00000E+00
1945.905 0.00000E+00
1988.517 0.00000E+00
2031.130 0.00000E+00
2073.742 0.00000E+00
2116.355 0.00000E+00
2158.968 0.00000E+00
2201.580 0.00000E+00
2244.193 0.00000E+00
2286.805 0.00000E+00
2329.418 -0.00000E+00
2372.031 -0.00000E+00
2414.643 -0.00000E+00
2457.256 -0.00000E+00
2499.868 -0.00000E+00
2542.481 -0.00000E+00
2585.094 -0.00000E+00
2627.706 -0.00000E+00
2670.319 -0.00000E+00
2712.931 -0.00000E+00
2755.544 -0.00000E+00
2798.156 0.00000E+00
2840.769 0.00000E+00
2883.382 0.00000E+00
2925.994 0.00000E+00
2968.607 0.00000E+00
3011.219 0.00000E+00
3053.832 0.00000E+00
3096.444 0.00000E+00
3139.057 -0.00000E+00
3181.670 -0.00000E+00
3224.282 -0.00000E+00
3266.895 -0.00000E+00
3309.508 -0.00000E+00
3352.120 -0.00000E+00
3394.733 -0.00000E+00
3437.345 0.00000E+00
3479.958 0.00000E+00
3479.958 0.53828E+00
3517.468 0.19465E+00
3554.979 0.60382E-01
3592.490 0.16694E+00
3630.000 0.48282E+00
3630.000 0.48282E+00
3662.833 0.86616E+00
3695.667 0.12737E+01
3728.500 0.16351E+01
3761.333 0.18970E+01
3794.167 0.20323E+01
3827.000 0.20421E+01
3859.833 0.19511E+01
3892.667 0.17978E+01
3925.500 0.16234E+01
3958.333 0.14615E+01
3991.167 0.13334E+01
4024.000 0.12476E+01
4056.833 0.12046E+01
4089.667 0.12035E+01
4122.500 0.12475E+01
4155.333 0.13462E+01
4188.167 0.15127E+01
4221.000 0.17573E+01
4253.833 0.20785E+01
4286.667 0.24558E+01
4319.500 0.28472E+01
4352.333 0.31940E+01
4385.167 0.34314E+01
4418.000 0.35037E+01
4450.833 0.33798E+01
4483.667 0.30634E+01
4516.500 0.25955E+01
4549.333 0.20468E+01
4582.167 0.15022E+01
4615.000 0.10417E+01
4647.833 0.72186E+00
4680.667 0.56522E+00
4713.500 0.55841E+00
4746.333 0.66087E+00
4779.167 0.81980E+00
4812.000 0.98652E+00
4844.833 0.11285E+01
4877.667 0.12329E+01
4910.500 0.13022E+01
4943.333 0.13426E+01
4976.167 0.13539E+01
5009.000 0.13237E+01
5041.833 0.12318E+01
5074.667 0.10631E+01
5107.500 0.82537E+00
5140.333 0.56269E+00
5173.167 0.35707E+00
5206.000 0.31323E+00
5238.833 0.52754E+00
5271.667 0.10496E+01
5304.500 0.18490E+01
5337.333 0.28028E+01
5370.167 0.37116E+01
5403.000 0.43463E+01
5435.833 0.45145E+01
5468.667 0.41262E+01
5501.500 0.32376E+01
5534.333 0.20526E+01
5567.167 0.87630E+00
5600.000 0.31211E-01
5600.000 0.31208E-01
5625.250 -0.22550E+00
5650.500 -0.84337E-01
5675.750 0.45287E+00
5701.000 0.13040E+01
5701.000 0.17474E+01
5724.333 0.27584E+01
5747.667 0.36174E+01
5771.000 0.41540E+01
5771.000 0.41540E+01
5796.000 0.43734E+01
5821.000 0.40736E+01
5846.000 0.33373E+01
5871.000 0.23707E+01
5896.000 0.14485E+01
5921.000 0.83163E+00
5946.000 0.67983E+00
5971.000 0.99082E+00
5971.000 0.10631E+01
5993.500 0.16174E+01
6016.000 0.21391E+01
6038.500 0.24333E+01
6061.000 0.24059E+01
6083.500 0.20940E+01
6106.000 0.16508E+01
6128.500 0.12855E+01
6151.000 0.11809E+01
6151.000 0.12268E+01
6174.333 0.14782E+01
6197.667 0.20454E+01
6221.000 0.26718E+01
6244.333 0.30357E+01
6267.667 0.29013E+01
6291.000 0.22445E+01
6291.000 0.21565E+01
6309.543 0.14360E+01
6328.086 0.73348E+00
6346.629 0.25985E+00
6346.629 0.26848E+00
6351.314 0.17645E+00
6356.000 0.11672E+00
6356.000 0.15938E+00
6362.000 0.77420E-01
6368.000 0.80145E-01
6368.000 0.00000E+00
6369.500 0.00000E+00
6371.000 0.00000E+00
