0.000 0.00000E+00
22.620 0.00000E+00
45.240 0.00000E+00
67.861 0.00000E+00
90.481 0.00000E+00
113.101 0.00000E+00
135.721 0.00000E+00
158.341 0.00000E+00
180.962 0.00000E+00
203.582 0.00000E+00
226.202 0.00000E+00
248.822 0.00000E+00
271.442 0.00000E+00
294.063 0.00000E+00
316.683 0.00000E+00
339.303 0.00000E+00
361.923 0.00000E+00
384.543 0.00000E+00
407.164 0.00000E+00
429.784 0.00000E+00
452.404 0.00000E+00
475.024 0.00000E+00
497.644 0.00000E+00
520.265 0.00000E+00
542.885 0.00000E+00
565.505 0.00000E+00
588.125 0.00000E+00
610.745 0.00000E+00
633.366 0.00000E+00
655.986 0.00000E+00
678.606 0.00000E+00
701.226 0.00000E+00
723.846 0.00000E+00
746.467 0.00000E+00
769.087 0.00000E+00
791.707 0.00000E+00
814.327 0.00000E+00
836.947 0.00000E+00
859.568 0.00000E+00
882.188 0.00000E+00
904.808 0.00000E+00
927.428 0.00000E+00
950.048 0.00000E+00
972.669 0.00000E+00
995.289 0.00000E+00
1017.909 0.00000E+00
1040.529 0.00000E+00
1063.149 0.00000E+00
1085.770 0.00000E+00
1108.390 0.00000E+00
1131.010 0.00000E+00
1153.630 0.00000E+00
1176.250 0.00000E+00
1198.871 0.00000E+00
1221.491 0.00000E+00
1221.491 0.00000E+00
1264.103 0.00000E+00
1306.716 0.00000E+00
1349.328 0.00000E+00
1391.941 0.00000E+00
1434.554 0.00000E+00
1477.166 0.00000E+00
1519.779 0.00000E+00
1562.391 0.00000E+00
1605.004 0.00000E+00
1647.617 0.00000E+00
1690.229 0.00000E+00
1732.842 0.00000E+00
1775.454 0.00000E+00
1818.067 0.00000E+00
1860.679 0.00000E+00
1903.292 0.00000E+00
1945.905 0.00000E+00
1988.517 0.00000E+00
2031.130 0.00000E+00
2073.742 0.00000E+00
2116.355 0.00000E+00
2158.968 0.00000E+00
2201.580 0.00000E+00
2244.193 0.00000E+00
2286.805 0.00000E+00
2329.418 0.00000E+00
2372.031 0.00000E+00
2414.643 0.00000E+00
2457.256 0.00000E+00
2499.868 0.00000E+00
2542.481 0.00000E+00
2585.094 0.00000E+00
2627.706 0.00000E+00
2670.319 0.00000E+00
2712.931 0.00000E+00
2755.544 0.00000E+00
2798.156 0.00000E+00
2840.769 0.00000E+00
2883.382 0.00000E+00
2925.994 0.00000E+00
2968.607 0.00000E+00
3011.219 0.00000E+00
3053.832 0.00000E+00
3096.444 0.00000E+00
3139.057 0.00000E+00
3181.670 0.00000E+00
3224.282 0.00000E+00
3266.895 0.00000E+00
3309.508 0.00000E+00
3352.120 0.00000E+00
3394.733 0.00000E+00
3437.345 0.00000E+00
3479.958 0.00000E+00
3479.958 0.18592E+01
3517.468 0.67378E+00
3554.979 0.11784E+01
3592.490 0.24706E+01
3630.000 0.40154E+01
3630.000 0.40154E+01
3662.833 0.53501E+01
3695.667 0.65423E+01
3728.500 0.75381E+01
3761.333 0.83197E+01
3794.167 0.88912E+01
3827.000 0.92691E+01
3859.833 0.94763E+01
3892.667 0.95378E+01
3925.500 0.94784E+01
3958.333 0.93216E+01
3991.167 0.90883E+01
4024.000 0.87970E+01
4056.833 0.84634E+01
4089.667 0.81010E+01
4122.500 0.77207E+01
4155.333 0.73315E+01
4188.167 0.69405E+01
4221.000 0.65536E+01
4253.833 0.61751E+01
4286.667 0.58084E+01
4319.500 0.54560E+01
4352.333 0.51196E+01
4385.167 0.48003E+01
4418.000 0.44990E+01
4450.833 0.42160E+01
4483.667 0.39514E+01
4516.500 0.37050E+01
4549.333 0.34765E+01
4582.167 0.32654E+01
4615.000 0.30714E+01
4647.833 0.28937E+01
4680.667 0.27317E+01
4713.500 0.25849E+01
4746.333 0.24525E+01
4779.167 0.23338E+01
4812.000 0.22281E+01
4844.833 0.21347E+01
4877.667 0.20529E+01
4910.500 0.19821E+01
4943.333 0.19214E+01
4976.167 0.18702E+01
5009.000 0.18277E+01
5041.833 0.17933E+01
5074.667 0.17661E+01
5107.500 0.17454E+01
5140.333 0.17304E+01
5173.167 0.17204E+01
5206.000 0.17146E+01
5238.833 0.17122E+01
5271.667 0.17125E+01
5304.500 0.17146E+01
5337.333 0.17177E+01
5370.167 0.17211E+01
5403.000 0.17241E+01
5435.833 0.17259E+01
5468.667 0.17258E+01
5501.500 0.17231E+01
5534.333 0.17173E+01
5567.167 0.17078E+01
5600.000 0.16940E+01
5600.000 0.16940E+01
5625.250 0.16701E+01
5650.500 0.16432E+01
5675.750 0.16126E+01
5701.000 0.15781E+01
5701.000 0.14732E+01
5724.333 0.14521E+01
5747.667 0.14239E+01
5771.000 0.13888E+01
5771.000 0.13888E+01
5796.000 0.13352E+01
5821.000 0.12753E+01
5846.000 0.12094E+01
5871.000 0.11380E+01
5896.000 0.10616E+01
5921.000 0.98102E+00
5946.000 0.89705E+00
5971.000 0.81066E+00
5971.000 0.78713E+00
5993.500 0.71665E+00
6016.000 0.64443E+00
6038.500 0.57149E+00
6061.000 0.49890E+00
6083.500 0.42770E+00
6106.000 0.35892E+00
6128.500 0.29359E+00
6151.000 0.23266E+00
6151.000 0.23235E+00
6174.333 0.17341E+00
6197.667 0.12162E+00
6221.000 0.77800E-01
6244.333 0.42577E-01
6267.667 0.16400E-01
6291.000 -0.48016E-03
6291.000 -0.35571E-03
6309.543 -0.74007E-02
6328.086 -0.85031E-02
6346.629 -0.37894E-02
6346.629 -0.73249E-02
6351.314 -0.54542E-02
6356.000 -0.32461E-02
6356.000 -0.30640E-02
6362.000 -0.28773E-03
6368.000 0.29301E-02
6368.000 0.00000E+00
6369.500 0.00000E+00
6371.000 0.00000E+00
