0.000 0.00000E+00
22.620 0.00000E+00
45.240 0.00000E+00
67.861 0.00000E+00
90.481 0.00000E+00
113.101 0.00000E+00
135.721 0.00000E+00
158.341 0.00000E+00
180.962 0.00000E+00
203.582 0.00000E+00
226.202 0.00000E+00
248.822 0.00000E+00
271.442 0.00000E+00
294.063 0.00000E+00
316.683 0.00000E+00
339.303 0.00000E+00
361.923 0.00000E+00
384.543 0.00000E+00
407.164 0.00000E+00
429.784 0.00000E+00
452.404 0.00000E+00
475.024 0.00000E+00
497.644 0.00000E+00
520.265 0.00000E+00
542.885 0.00000E+00
565.505 0.00000E+00
588.125 0.00000E+00
610.745 0.00000E+00
633.366 0.00000E+00
655.986 0.00000E+00
678.606 0.00000E+00
701.226 0.00000E+00
723.846 0.00000E+00
746.467 0.00000E+00
769.087 0.00000E+00
791.707 0.00000E+00
814.327 0.00000E+00
836.947 0.00000E+00
859.568 0.00000E+00
882.188 0.00000E+00
904.808 0.00000E+00
927.428 0.00000E+00
950.048 0.00000E+00
972.669 0.00000E+00
995.289 0.00000E+00
1017.909 0.00000E+00
1040.529 0.00000E+00
1063.149 0.00000E+00
1085.770 0.00000E+00
1108.390 0.00000E+00
1131.010 0.00000E+00
1153.630 0.00000E+00
1176.250 0.00000E+00
1198.871 0.00000E+00
1221.491 0.22135E-04
1221.491 0.00000E+00
1264.103 0.00000E+00
1306.716 0.00000E+00
1349.328 0.00000E+00
1391.941 0.00000E+00
1434.554 0.00000E+00
1477.166 0.00000E+00
1519.779 0.00000E+00
1562.391 0.00000E+00
1605.004 0.00000E+00
1647.617 0.00000E+00
1690.229 0.00000E+00
1732.842 0.00000E+00
1775.454 0.00000E+00
1818.067 0.00000E+00
1860.679 0.00000E+00
1903.292 0.00000E+00
1945.905 0.00000E+00
1988.517 0.00000E+00
2031.130 0.00000E+00
2073.742 0.00000E+00
2116.355 0.00000E+00
2158.968 0.00000E+00
2201.580 0.00000E+00
2244.193 0.00000E+00
2286.805 0.00000E+00
2329.418 0.00000E+00
2372.031 0.00000E+00
2414.643 0.00000E+00
2457.256 0.00000E+00
2499.868 0.00000E+00
2542.481 -0.00000E+00
2585.094 -0.00000E+00
2627.706 -0.00000E+00
2670.319 -0.00000E+00
2712.931 -0.00000E+00
2755.544 -0.00000E+00
2798.156 -0.00000E+00
2840.769 -0.00000E+00
2883.382 -0.00000E+00
2925.994 -0.00000E+00
2968.607 -0.00000E+00
3011.219 -0.00000E+00
3053.832 -0.00000E+00
3096.444 -0.00000E+00
3139.057 0.00000E+00
3181.670 0.00000E+00
3224.282 0.00000E+00
3266.895 0.00000E+00
3309.508 0.00000E+00
3352.120 0.00000E+00
3394.733 0.00000E+00
3437.345 0.00000E+00
3479.958 0.00000E+00
3479.958 -0.27569E+00
3517.468 -0.48910E+00
3554.979 -0.65690E+00
3592.490 -0.78716E+00
3630.000 -0.88799E+00
3630.000 -0.88799E+00
3662.833 -0.96237E+00
3695.667 -0.10232E+01
3728.500 -0.10726E+01
3761.333 -0.11108E+01
3794.167 -0.11374E+01
3827.000 -0.11509E+01
3859.833 -0.11500E+01
3892.667 -0.11336E+01
3925.500 -0.11016E+01
3958.333 -0.10542E+01
3991.167 -0.99252E+00
4024.000 -0.91769E+00
4056.833 -0.83061E+00
4089.667 -0.73136E+00
4122.500 -0.61890E+00
4155.333 -0.49095E+00
4188.167 -0.34422E+00
4221.000 -0.17496E+00
4253.833 0.20128E-01
4286.667 0.24291E+00
4319.500 0.49273E+00
4352.333 0.76560E+00
4385.167 0.10537E+01
4418.000 0.13454E+01
4450.833 0.16258E+01
4483.667 0.18782E+01
4516.500 0.20854E+01
4549.333 0.22317E+01
4582.167 0.23050E+01
4615.000 0.22981E+01
4647.833 0.22102E+01
4680.667 0.20467E+01
4713.500 0.18194E+01
4746.333 0.15449E+01
4779.167 0.12430E+01
4812.000 0.93445E+00
4844.833 0.63866E+00
4877.667 0.37173E+00
4910.500 0.14486E+00
4943.333 -0.36551E-01
4976.167 -0.17297E+00
5009.000 -0.27018E+00
5041.833 -0.33800E+00
5074.667 -0.38867E+00
5107.500 -0.43505E+00
5140.333 -0.48881E+00
5173.167 -0.55884E+00
5206.000 -0.65006E+00
5238.833 -0.76249E+00
5271.667 -0.89092E+00
5304.500 -0.10248E+01
5337.333 -0.11490E+01
5370.167 -0.12442E+01
5403.000 -0.12890E+01
5435.833 -0.12614E+01
5468.667 -0.11418E+01
5501.500 -0.91585E+00
5534.333 -0.57762E+00
5567.167 -0.13261E+00
5600.000 0.40009E+00
5600.000 0.40009E+00
5625.250 0.87681E+00
5650.500 0.13716E+01
5675.750 0.18590E+01
5701.000 0.23088E+01
5701.000 0.28850E+01
5724.333 0.32030E+01
5747.667 0.33743E+01
5771.000 0.33789E+01
5771.000 0.33789E+01
5796.000 0.32740E+01
5821.000 0.29607E+01
5846.000 0.24523E+01
5871.000 0.17879E+01
5896.000 0.10312E+01
5921.000 0.26569E+00
5946.000 -0.41451E+00
5971.000 -0.91808E+00
5971.000 -0.90594E+00
5993.500 -0.11617E+01
6016.000 -0.11799E+01
6038.500 -0.96991E+00
6061.000 -0.56992E+00
6083.500 -0.41772E-01
6106.000 0.53840E+00
6128.500 0.10914E+01
6151.000 0.15465E+01
6151.000 0.17976E+01
6174.333 0.21483E+01
6197.667 0.22398E+01
6221.000 0.20891E+01
6244.333 0.17536E+01
6267.667 0.13156E+01
6291.000 0.86315E+00
6291.000 0.84757E+00
6309.543 0.53766E+00
6328.086 0.29103E+00
6346.629 0.12116E+00
6346.629 0.12802E+00
6351.314 0.95090E-01
6356.000 0.67263E-01
6356.000 0.63937E-01
6362.000 0.34325E-01
6368.000 0.14936E-01
6368.000 0.00000E+00
6369.500 0.00000E+00
6371.000 0.00000E+00
