0.000 0.00000E+00
22.620 0.00000E+00
45.240 0.00000E+00
67.861 0.00000E+00
90.481 0.00000E+00
113.101 0.00000E+00
135.721 0.00000E+00
158.341 0.00000E+00
180.962 0.00000E+00
203.582 0.00000E+00
226.202 0.00000E+00
248.822 0.00000E+00
271.442 0.00000E+00
294.063 0.00000E+00
316.683 0.00000E+00
339.303 0.00000E+00
361.923 0.00000E+00
384.543 0.00000E+00
407.164 0.00000E+00
429.784 0.00000E+00
452.404 0.00000E+00
475.024 0.00000E+00
497.644 0.00000E+00
520.265 0.00000E+00
542.885 0.00000E+00
565.505 0.00000E+00
588.125 0.00000E+00
610.745 0.00000E+00
633.366 0.00000E+00
655.986 0.00000E+00
678.606 0.00000E+00
701.226 0.00000E+00
723.846 0.00000E+00
746.467 0.00000E+00
769.087 0.00000E+00
791.707 0.00000E+00
814.327 0.00000E+00
836.947 0.00000E+00
859.568 0.00000E+00
882.188 0.00000E+00
904.808 0.00000E+00
927.428 0.00000E+00
950.048 0.00000E+00
972.669 0.00000E+00
995.289 0.00000E+00
1017.909 0.00000E+00
1040.529 0.00000E+00
1063.149 0.00000E+00
1085.770 0.00000E+00
1108.390 0.00000E+00
1131.010 0.00000E+00
1153.630 0.00000E+00
1176.250 0.00000E+00
1198.871 0.00000E+00
1221.491 0.00000E+00
1221.491 0.00000E+00
1264.103 0.00000E+00
1306.716 0.00000E+00
1349.328 0.00000E+00
1391.941 0.00000E+00
1434.554 0.00000E+00
1477.166 0.00000E+00
1519.779 0.00000E+00
1562.391 0.00000E+00
1605.004 0.00000E+00
1647.617 0.00000E+00
1690.229 0.00000E+00
1732.842 0.00000E+00
1775.454 0.00000E+00
1818.067 0.00000E+00
1860.679 0.00000E+00
1903.292 0.00000E+00
1945.905 0.00000E+00
1988.517 0.00000E+00
2031.130 0.00000E+00
2073.742 0.00000E+00
2116.355 0.00000E+00
2158.968 0.00000E+00
2201.580 0.00000E+00
2244.193 0.00000E+00
2286.805 0.00000E+00
2329.418 0.00000E+00
2372.031 0.00000E+00
2414.643 0.00000E+00
2457.256 0.00000E+00
2499.868 0.00000E+00
2542.481 0.00000E+00
2585.094 0.00000E+00
2627.706 0.00000E+00
2670.319 0.00000E+00
2712.931 0.00000E+00
2755.544 0.00000E+00
2798.156 0.00000E+00
2840.769 0.00000E+00
2883.382 0.00000E+00
2925.994 0.00000E+00
2968.607 0.00000E+00
3011.219 0.00000E+00
3053.832 0.00000E+00
3096.444 0.00000E+00
3139.057 0.00000E+00
3181.670 0.00000E+00
3224.282 0.00000E+00
3266.895 0.00000E+00
3309.508 0.00000E+00
3352.120 0.00000E+00
3394.733 0.00000E+00
3437.345 0.00000E+00
3479.958 0.00000E+00
3479.958 0.00000E+00
3517.468 0.77276E-04
3554.979 0.10747E-03
3592.490 0.16224E-03
3630.000 0.23181E-03
3630.000 0.23181E-03
3662.833 0.30635E-03
3695.667 0.39787E-03
3728.500 0.51322E-03
3761.333 0.66119E-03
3794.167 0.85266E-03
3827.000 0.11010E-02
3859.833 0.14228E-02
3892.667 0.18386E-02
3925.500 0.23736E-02
3958.333 0.30593E-02
3991.167 0.39348E-02
4024.000 0.50479E-02
4056.833 0.64578E-02
4089.667 0.82366E-02
4122.500 0.10473E-01
4155.333 0.13273E-01
4188.167 0.16767E-01
4221.000 0.21111E-01
4253.833 0.26491E-01
4286.667 0.33132E-01
4319.500 0.41298E-01
4352.333 0.51304E-01
4385.167 0.63519E-01
4418.000 0.78377E-01
4450.833 0.96382E-01
4483.667 0.11812E+00
4516.500 0.14427E+00
4549.333 0.17560E+00
4582.167 0.21300E+00
4615.000 0.25747E+00
4647.833 0.31014E+00
4680.667 0.37227E+00
4713.500 0.44526E+00
4746.333 0.53065E+00
4779.167 0.63013E+00
4812.000 0.74552E+00
4844.833 0.87875E+00
4877.667 0.10319E+01
4910.500 0.12070E+01
4943.333 0.14064E+01
4976.167 0.16322E+01
5009.000 0.18864E+01
5041.833 0.21712E+01
5074.667 0.24882E+01
5107.500 0.28388E+01
5140.333 0.32241E+01
5173.167 0.36444E+01
5206.000 0.40994E+01
5238.833 0.45876E+01
5271.667 0.51067E+01
5304.500 0.56528E+01
5337.333 0.62207E+01
5370.167 0.68031E+01
5403.000 0.73910E+01
5435.833 0.79734E+01
5468.667 0.85367E+01
5501.500 0.90651E+01
5534.333 0.95408E+01
5567.167 0.99434E+01
5600.000 0.10251E+02
5600.000 0.10251E+02
5625.250 0.10488E+02
5650.500 0.10656E+02
5675.750 0.10743E+02
5701.000 0.10739E+02
5701.000 0.12404E+02
5724.333 0.12347E+02
5747.667 0.12203E+02
5771.000 0.11958E+02
5771.000 0.11958E+02
5796.000 0.11775E+02
5821.000 0.11475E+02
5846.000 0.11055E+02
5871.000 0.10511E+02
5896.000 0.98468E+01
5921.000 0.90675E+01
5946.000 0.81842E+01
5971.000 0.72129E+01
5971.000 0.79779E+01
5993.500 0.69343E+01
6016.000 0.58433E+01
6038.500 0.47280E+01
6061.000 0.36176E+01
6083.500 0.25460E+01
6106.000 0.15521E+01
6128.500 0.67875E+00
6151.000 -0.27573E-01
6151.000 0.35330E-01
6174.333 -0.49374E+00
6197.667 -0.75608E+00
6221.000 -0.69818E+00
6244.333 -0.26779E+00
6267.667 0.58543E+00
6291.000 0.19095E+01
6291.000 0.17779E+01
6309.543 0.32056E+01
6328.086 0.49923E+01
6346.629 0.71628E+01
6346.629 0.37958E+01
6351.314 0.42726E+01
6356.000 0.47673E+01
6356.000 0.32278E+01
6362.000 0.37322E+01
6368.000 0.42540E+01
6368.000 0.00000E+00
6369.500 0.00000E+00
6371.000 0.00000E+00
