0.000 0.00000E+00
22.620 0.00000E+00
45.240 0.00000E+00
67.861 0.00000E+00
90.481 0.00000E+00
113.101 0.00000E+00
135.721 0.00000E+00
158.341 0.00000E+00
180.962 0.00000E+00
203.582 0.00000E+00
226.202 0.00000E+00
248.822 0.00000E+00
271.442 0.00000E+00
294.063 0.00000E+00
316.683 0.00000E+00
339.303 0.00000E+00
361.923 0.00000E+00
384.543 0.00000E+00
407.164 0.00000E+00
429.784 0.00000E+00
452.404 0.00000E+00
475.024 0.00000E+00
497.644 0.00000E+00
520.265 0.00000E+00
542.885 0.00000E+00
565.505 0.00000E+00
588.125 0.00000E+00
610.745 0.00000E+00
633.366 0.00000E+00
655.986 0.00000E+00
678.606 0.00000E+00
701.226 0.00000E+00
723.846 0.00000E+00
746.467 0.00000E+00
769.087 0.00000E+00
791.707 0.00000E+00
814.327 0.00000E+00
836.947 0.00000E+00
859.568 0.00000E+00
882.188 0.00000E+00
904.808 0.00000E+00
927.428 0.00000E+00
950.048 0.00000E+00
972.669 0.00000E+00
995.289 0.00000E+00
1017.909 0.00000E+00
1040.529 0.00000E+00
1063.149 0.00000E+00
1085.770 0.00000E+00
1108.390 0.00000E+00
1131.010 0.00000E+00
1153.630 0.00000E+00
1176.250 0.00000E+00
1198.871 0.00000E+00
1221.491 0.00000E+00
1221.491 0.00000E+00
1264.103 0.00000E+00
1306.716 0.00000E+00
1349.328 0.00000E+00
1391.941 0.00000E+00
1434.554 0.00000E+00
1477.166 0.00000E+00
1519.779 0.00000E+00
1562.391 0.00000E+00
1605.004 0.00000E+00
1647.617 0.00000E+00
1690.229 0.00000E+00
1732.842 0.00000E+00
1775.454 0.00000E+00
1818.067 0.00000E+00
1860.679 0.00000E+00
1903.292 0.00000E+00
1945.905 0.00000E+00
1988.517 0.00000E+00
2031.130 0.00000E+00
2073.742 0.00000E+00
2116.355 0.00000E+00
2158.968 0.00000E+00
2201.580 0.00000E+00
2244.193 0.00000E+00
2286.805 0.00000E+00
2329.418 0.00000E+00
2372.031 0.00000E+00
2414.643 0.00000E+00
2457.256 0.00000E+00
2499.868 0.00000E+00
2542.481 0.00000E+00
2585.094 0.00000E+00
2627.706 0.00000E+00
2670.319 0.00000E+00
2712.931 0.00000E+00
2755.544 0.00000E+00
2798.156 0.00000E+00
2840.769 0.00000E+00
2883.382 0.00000E+00
2925.994 0.00000E+00
2968.607 0.00000E+00
3011.219 0.00000E+00
3053.832 0.00000E+00
3096.444 0.00000E+00
3139.057 0.00000E+00
3181.670 0.00000E+00
3224.282 0.00000E+00
3266.895 0.00000E+00
3309.508 -0.00000E+00
3352.120 -0.00000E+00
3394.733 -0.00000E+00
3437.345 -0.00000E+00
3479.958 -0.00000E+00
3479.958 0.13217E+01
3517.468 0.13388E+01
3554.979 0.13201E+01
3592.490 0.12670E+01
3630.000 0.11825E+01
3630.000 0.11825E+01
3662.833 0.10853E+01
3695.667 0.97133E+00
3728.500 0.84494E+00
3761.333 0.71120E+00
3794.167 0.57570E+00
3827.000 0.44439E+00
3859.833 0.32343E+00
3892.667 0.21903E+00
3925.500 0.13727E+00
3958.333 0.83886E-01
3991.167 0.64112E-01
4024.000 0.82463E-01
4056.833 0.14258E+00
4089.667 0.24704E+00
4122.500 0.39728E+00
4155.333 0.59343E+00
4188.167 0.83427E+00
4221.000 0.11172E+01
4253.833 0.14383E+01
4286.667 0.17922E+01
4319.500 0.21724E+01
4352.333 0.25714E+01
4385.167 0.29807E+01
4418.000 0.33912E+01
4450.833 0.37933E+01
4483.667 0.41775E+01
4516.500 0.45341E+01
4549.333 0.48542E+01
4582.167 0.51294E+01
4615.000 0.53524E+01
4647.833 0.55173E+01
4680.667 0.56194E+01
4713.500 0.56561E+01
4746.333 0.56261E+01
4779.167 0.55304E+01
4812.000 0.53715E+01
4844.833 0.51539E+01
4877.667 0.48837E+01
4910.500 0.45686E+01
4943.333 0.42173E+01
4976.167 0.38397E+01
5009.000 0.34462E+01
5041.833 0.30475E+01
5074.667 0.26541E+01
5107.500 0.22763E+01
5140.333 0.19232E+01
5173.167 0.16032E+01
5206.000 0.13228E+01
5238.833 0.10873E+01
5271.667 0.89974E+00
5304.500 0.76157E+00
5337.333 0.67217E+00
5370.167 0.62908E+00
5403.000 0.62809E+00
5435.833 0.66349E+00
5468.667 0.72829E+00
5501.500 0.81461E+00
5534.333 0.91397E+00
5567.167 0.10177E+01
5600.000 0.11173E+01
5600.000 0.11173E+01
5625.250 0.12161E+01
5650.500 0.12977E+01
5675.750 0.13586E+01
5701.000 0.13957E+01
5701.000 0.16959E+01
5724.333 0.16722E+01
5747.667 0.16272E+01
5771.000 0.15616E+01
5771.000 0.15616E+01
5796.000 0.14882E+01
5821.000 0.13876E+01
5846.000 0.12625E+01
5871.000 0.11171E+01
5896.000 0.95598E+00
5921.000 0.78485E+00
5946.000 0.60959E+00
5971.000 0.43618E+00
5971.000 0.42634E+00
5993.500 0.27684E+00
6016.000 0.13614E+00
6038.500 0.65117E-02
6061.000 -0.11021E+00
6083.500 -0.21253E+00
6106.000 -0.29922E+00
6128.500 -0.36922E+00
6151.000 -0.42148E+00
6151.000 -0.43184E+00
6174.333 -0.47291E+00
6197.667 -0.48750E+00
6221.000 -0.47490E+00
6244.333 -0.43395E+00
6267.667 -0.36298E+00
6291.000 -0.25964E+00
6291.000 -0.28391E+00
6309.543 -0.17221E+00
6328.086 -0.36883E-01
6346.629 0.12348E+00
6346.629 -0.13757E-01
6351.314 0.26788E-01
6356.000 0.69782E-01
6356.000 0.37176E-01
6362.000 0.81962E-01
6368.000 0.13224E+00
6368.000 0.00000E+00
6369.500 0.00000E+00
6371.000 0.00000E+00
