0.000 0.00000E+00
22.620 0.00000E+00
45.240 0.00000E+00
67.861 0.00000E+00
90.481 0.00000E+00
113.101 0.00000E+00
135.721 0.00000E+00
158.341 0.00000E+00
180.962 0.00000E+00
203.582 0.00000E+00
226.202 0.00000E+00
248.822 0.00000E+00
271.442 0.00000E+00
294.063 0.00000E+00
316.683 0.00000E+00
339.303 0.00000E+00
361.923 0.00000E+00
384.543 0.00000E+00
407.164 0.00000E+00
429.784 0.00000E+00
452.404 0.00000E+00
475.024 0.00000E+00
497.644 0.00000E+00
520.265 0.00000E+00
542.885 0.00000E+00
565.505 0.00000E+00
588.125 0.00000E+00
610.745 0.00000E+00
633.366 0.00000E+00
655.986 0.00000E+00
678.606 0.00000E+00
701.226 0.00000E+00
723.846 0.00000E+00
746.467 0.00000E+00
769.087 0.00000E+00
791.707 0.00000E+00
814.327 0.00000E+00
836.947 0.00000E+00
859.568 0.00000E+00
882.188 0.00000E+00
904.808 0.00000E+00
927.428 0.00000E+00
950.048 0.00000E+00
972.669 0.00000E+00
995.289 0.00000E+00
1017.909 0.00000E+00
1040.529 0.00000E+00
1063.149 0.00000E+00
1085.770 0.00000E+00
1108.390 0.00000E+00
1131.010 0.00000E+00
1153.630 0.00000E+00
1176.250 0.00000E+00
1198.871 0.00000E+00
1221.491 0.00000E+00
1221.491 0.00000E+00
1264.103 0.00000E+00
1306.716 0.00000E+00
1349.328 0.00000E+00
1391.941 0.00000E+00
1434.554 0.00000E+00
1477.166 0.00000E+00
1519.779 0.00000E+00
1562.391 0.00000E+00
1605.004 0.00000E+00
1647.617 0.00000E+00
1690.229 0.00000E+00
1732.842 0.00000E+00
1775.454 0.00000E+00
1818.067 0.00000E+00
1860.679 0.00000E+00
1903.292 0.00000E+00
1945.905 0.00000E+00
1988.517 0.00000E+00
2031.130 0.00000E+00
2073.742 0.00000E+00
2116.355 0.00000E+00
2158.968 0.00000E+00
2201.580 0.00000E+00
2244.193 0.00000E+00
2286.805 0.00000E+00
2329.418 0.00000E+00
2372.031 0.00000E+00
2414.643 0.00000E+00
2457.256 0.00000E+00
2499.868 0.00000E+00
2542.481 0.00000E+00
2585.094 0.00000E+00
2627.706 0.00000E+00
2670.319 0.00000E+00
2712.931 0.00000E+00
2755.544 0.00000E+00
2798.156 0.00000E+00
2840.769 0.00000E+00
2883.382 0.00000E+00
2925.994 -0.00000E+00
2968.607 -0.00000E+00
3011.219 -0.00000E+00
3053.832 -0.00000E+00
3096.444 -0.00000E+00
3139.057 -0.00000E+00
3181.670 -0.00000E+00
3224.282 -0.00000E+00
3266.895 -0.00000E+00
3309.508 -0.00000E+00
3352.120 -0.00000E+00
3394.733 0.00000E+00
3437.345 0.00000E+00
3479.958 0.00000E+00
3479.958 -0.70512E-01
3517.468 0.69703E-01
3554.979 0.33079E+00
3592.490 0.71183E+00
3630.000 0.11863E+01
3630.000 0.11863E+01
3662.833 0.16335E+01
3695.667 0.20658E+01
3728.500 0.24340E+01
3761.333 0.26927E+01
3794.167 0.28085E+01
3827.000 0.27643E+01
3859.833 0.25632E+01
3892.667 0.22272E+01
3925.500 0.17935E+01
3958.333 0.13084E+01
3991.167 0.81899E+00
4024.000 0.36593E+00
4056.833 -0.22077E-01
4089.667 -0.33132E+00
4122.500 -0.56255E+00
4155.333 -0.72756E+00
4188.167 -0.84375E+00
4221.000 -0.92819E+00
4253.833 -0.99267E+00
4286.667 -0.10410E+01
4319.500 -0.10689E+01
4352.333 -0.10674E+01
4385.167 -0.10264E+01
4418.000 -0.94018E+00
4450.833 -0.81061E+00
4483.667 -0.64828E+00
4516.500 -0.47072E+00
4549.333 -0.29799E+00
4582.167 -0.14698E+00
4615.000 -0.26044E-01
4647.833 0.68353E-01
4680.667 0.15160E+00
4713.500 0.24729E+00
4746.333 0.38062E+00
4779.167 0.57046E+00
4812.000 0.82227E+00
4844.833 0.11240E+01
4877.667 0.14461E+01
4910.500 0.17470E+01
4943.333 0.19809E+01
4976.167 0.21089E+01
5009.000 0.21074E+01
5041.833 0.19750E+01
5074.667 0.17327E+01
5107.500 0.14199E+01
5140.333 0.10858E+01
5173.167 0.77814E+00
5206.000 0.53289E+00
5238.833 0.36692E+00
5271.667 0.27482E+00
5304.500 0.23102E+00
5337.333 0.19618E+00
5370.167 0.12649E+00
5403.000 -0.16136E-01
5435.833 -0.25468E+00
5468.667 -0.58987E+00
5501.500 -0.99628E+00
5534.333 -0.14222E+01
5567.167 -0.17939E+01
5600.000 -0.20244E+01
5600.000 -0.20244E+01
5625.250 -0.20141E+01
5650.500 -0.18360E+01
5675.750 -0.14641E+01
5701.000 -0.88642E+00
5701.000 -0.79564E+00
5724.333 -0.76179E-01
5747.667 0.76297E+00
5771.000 0.16505E+01
5771.000 0.16505E+01
5796.000 0.26319E+01
5821.000 0.34893E+01
5846.000 0.40930E+01
5871.000 0.43329E+01
5896.000 0.41451E+01
5921.000 0.35349E+01
5946.000 0.25863E+01
5971.000 0.14556E+01
5971.000 0.16531E+01
5993.500 0.55363E+00
6016.000 -0.35452E+00
6038.500 -0.94949E+00
6061.000 -0.11789E+01
6083.500 -0.10655E+01
6106.000 -0.69603E+00
6128.500 -0.19560E+00
6151.000 0.30423E+00
6151.000 0.39880E+00
6174.333 0.87260E+00
6197.667 0.10845E+01
6221.000 0.10425E+01
6244.333 0.82211E+00
6267.667 0.52752E+00
6291.000 0.25331E+00
6291.000 0.25217E+00
6309.543 0.91858E-01
6328.086 -0.37305E-02
6346.629 -0.31940E-01
6346.629 -0.37685E-01
6351.314 -0.35961E-01
6356.000 -0.30220E-01
6356.000 -0.27963E-01
6362.000 -0.17619E-01
6368.000 -0.18352E-02
6368.000 0.00000E+00
6369.500 0.00000E+00
6371.000 0.00000E+00
