0.000 0.00000E+00
22.620 0.00000E+00
45.240 0.00000E+00
67.861 0.00000E+00
90.481 0.00000E+00
113.101 0.00000E+00
135.721 0.00000E+00
158.341 0.00000E+00
180.962 0.00000E+00
203.582 0.00000E+00
226.202 0.00000E+00
248.822 0.00000E+00
271.442 0.00000E+00
294.063 0.00000E+00
316.683 0.00000E+00
339.303 0.00000E+00
361.923 0.00000E+00
384.543 0.00000E+00
407.164 0.00000E+00
429.784 0.00000E+00
452.404 0.00000E+00
475.024 0.00000E+00
497.644 0.00000E+00
520.265 0.00000E+00
542.885 0.00000E+00
565.505 0.00000E+00
588.125 0.00000E+00
610.745 0.00000E+00
633.366 0.00000E+00
655.986 0.00000E+00
678.606 0.00000E+00
701.226 0.00000E+00
723.846 0.00000E+00
746.467 0.00000E+00
769.087 0.00000E+00
791.707 0.00000E+00
814.327 0.00000E+00
836.947 0.00000E+00
859.568 0.00000E+00
882.188 0.00000E+00
904.808 0.00000E+00
927.428 0.00000E+00
950.048 0.00000E+00
972.669 0.00000E+00
995.289 0.00000E+00
1017.909 0.00000E+00
1040.529 0.00000E+00
1063.149 0.00000E+00
1085.770 0.00000E+00
1108.390 0.00000E+00
1131.010 0.00000E+00
1153.630 0.00000E+00
1176.250 0.00000E+00
1198.871 0.00000E+00
1221.491 0.00000E+00
1221.491 0.00000E+00
1264.103 0.00000E+00
1306.716 0.00000E+00
1349.328 0.00000E+00
1391.941 0.00000E+00
1434.554 0.00000E+00
1477.166 0.00000E+00
1519.779 0.00000E+00
1562.391 0.00000E+00
1605.004 0.00000E+00
1647.617 0.00000E+00
1690.229 0.00000E+00
1732.842 0.00000E+00
1775.454 0.00000E+00
1818.067 0.00000E+00
1860.679 0.00000E+00
1903.292 0.00000E+00
1945.905 0.00000E+00
1988.517 0.00000E+00
2031.130 0.00000E+00
2073.742 0.00000E+00
2116.355 0.00000E+00
2158.968 0.00000E+00
2201.580 0.00000E+00
2244.193 0.00000E+00
2286.805 0.00000E+00
2329.418 0.00000E+00
2372.031 0.00000E+00
2414.643 0.00000E+00
2457.256 0.00000E+00
2499.868 0.00000E+00
2542.481 0.00000E+00
2585.094 0.00000E+00
2627.706 0.00000E+00
2670.319 0.00000E+00
2712.931 0.00000E+00
2755.544 0.00000E+00
2798.156 0.00000E+00
2840.769 0.00000E+00
2883.382 0.00000E+00
2925.994 0.00000E+00
2968.607 0.00000E+00
3011.219 0.00000E+00
3053.832 0.00000E+00
3096.444 0.00000E+00
3139.057 0.00000E+00
3181.670 0.00000E+00
3224.282 0.00000E+00
3266.895 0.00000E+00
3309.508 0.00000E+00
3352.120 0.00000E+00
3394.733 0.00000E+00
3437.345 0.00000E+00
3479.958 0.00000E+00
3479.958 0.19973E+01
3517.468 0.22523E+01
3554.979 0.24714E+01
3592.490 0.26493E+01
3630.000 0.27813E+01
3630.000 0.27813E+01
3662.833 0.28515E+01
3695.667 0.28804E+01
3728.500 0.28660E+01
3761.333 0.28077E+01
3794.167 0.27060E+01
3827.000 0.25633E+01
3859.833 0.23837E+01
3892.667 0.21730E+01
3925.500 0.19384E+01
3958.333 0.16888E+01
3991.167 0.14341E+01
4024.000 0.11849E+01
4056.833 0.95193E+00
4089.667 0.74551E+00
4122.500 0.57513E+00
4155.333 0.44870E+00
4188.167 0.37211E+00
4221.000 0.34878E+00
4253.833 0.37930E+00
4286.667 0.46128E+00
4319.500 0.58937E+00
4352.333 0.75541E+00
4385.167 0.94883E+00
4418.000 0.11572E+01
4450.833 0.13671E+01
4483.667 0.15648E+01
4516.500 0.17371E+01
4549.333 0.18726E+01
4582.167 0.19624E+01
4615.000 0.20011E+01
4647.833 0.19868E+01
4680.667 0.19224E+01
4713.500 0.18149E+01
4746.333 0.16754E+01
4779.167 0.15188E+01
4812.000 0.13626E+01
4844.833 0.12258E+01
4877.667 0.11278E+01
4910.500 0.10867E+01
4943.333 0.11179E+01
4976.167 0.12326E+01
5009.000 0.14368E+01
5041.833 0.17304E+01
5074.667 0.21063E+01
5107.500 0.25509E+01
5140.333 0.30443E+01
5173.167 0.35612E+01
5206.000 0.40727E+01
5238.833 0.45478E+01
5271.667 0.49554E+01
5304.500 0.52668E+01
5337.333 0.54577E+01
5370.167 0.55102E+01
5403.000 0.54142E+01
5435.833 0.51688E+01
5468.667 0.47822E+01
5501.500 0.42719E+01
5534.333 0.36632E+01
5567.167 0.29880E+01
5600.000 0.22823E+01
5600.000 0.22823E+01
5625.250 0.17870E+01
5650.500 0.13238E+01
5675.750 0.90996E+00
5701.000 0.56046E+00
5701.000 0.42928E+00
5724.333 0.26927E+00
5747.667 0.16859E+00
5771.000 0.12624E+00
5771.000 0.12627E+00
5796.000 0.17348E+00
5821.000 0.30693E+00
5846.000 0.50833E+00
5871.000 0.75438E+00
5896.000 0.10184E+01
5921.000 0.12726E+01
5946.000 0.14900E+01
5971.000 0.16474E+01
5971.000 0.19194E+01
5993.500 0.19380E+01
6016.000 0.18864E+01
6038.500 0.17682E+01
6061.000 0.15910E+01
6083.500 0.13659E+01
6106.000 0.11068E+01
6128.500 0.82883E+00
6151.000 0.54779E+00
6151.000 0.58322E+00
6174.333 0.27716E+00
6197.667 0.70015E-02
6221.000 -0.20854E+00
6244.333 -0.35569E+00
6267.667 -0.42523E+00
6291.000 -0.41170E+00
6291.000 -0.42540E+00
6309.543 -0.35241E+00
6328.086 -0.22361E+00
6346.629 -0.39217E-01
6346.629 -0.12910E+00
6351.314 -0.80654E-01
6356.000 -0.27946E-01
6356.000 -0.41115E-01
6362.000 0.15795E-01
6368.000 0.80480E-01
6368.000 0.00000E+00
6369.500 0.00000E+00
6371.000 0.00000E+00
