0.000 0.00000E+00
22.620 0.00000E+00
45.240 0.00000E+00
67.861 0.00000E+00
90.481 0.00000E+00
113.101 0.00000E+00
135.721 0.00000E+00
158.341 0.00000E+00
180.962 0.00000E+00
203.582 0.00000E+00
226.202 0.00000E+00
248.822 0.00000E+00
271.442 0.00000E+00
294.063 0.00000E+00
316.683 0.00000E+00
339.303 0.00000E+00
361.923 0.00000E+00
384.543 0.00000E+00
407.164 0.00000E+00
429.784 0.00000E+00
452.404 0.00000E+00
475.024 0.00000E+00
497.644 0.00000E+00
520.265 0.00000E+00
542.885 0.00000E+00
565.505 0.00000E+00
588.125 0.00000E+00
610.745 0.00000E+00
633.366 0.00000E+00
655.986 0.00000E+00
678.606 0.00000E+00
701.226 0.00000E+00
723.846 0.00000E+00
746.467 0.00000E+00
769.087 0.00000E+00
791.707 0.00000E+00
814.327 0.00000E+00
836.947 0.00000E+00
859.568 0.00000E+00
882.188 0.00000E+00
904.808 0.00000E+00
927.428 0.00000E+00
950.048 0.00000E+00
972.669 0.00000E+00
995.289 0.00000E+00
1017.909 0.00000E+00
1040.529 0.00000E+00
1063.149 0.00000E+00
1085.770 0.00000E+00
1108.390 0.00000E+00
1131.010 0.00000E+00
1153.630 0.00000E+00
1176.250 0.00000E+00
1198.871 0.00000E+00
1221.491 0.00000E+00
1221.491 0.00000E+00
1264.103 0.00000E+00
1306.716 0.00000E+00
1349.328 0.00000E+00
1391.941 0.00000E+00
1434.554 0.00000E+00
1477.166 0.00000E+00
1519.779 0.00000E+00
1562.391 0.00000E+00
1605.004 0.00000E+00
1647.617 0.00000E+00
1690.229 0.00000E+00
1732.842 0.00000E+00
1775.454 0.00000E+00
1818.067 0.00000E+00
1860.679 0.00000E+00
1903.292 0.00000E+00
1945.905 0.00000E+00
1988.517 0.00000E+00
2031.130 0.00000E+00
2073.742 0.00000E+00
2116.355 0.00000E+00
2158.968 0.00000E+00
2201.580 0.00000E+00
2244.193 0.00000E+00
2286.805 0.00000E+00
2329.418 0.00000E+00
2372.031 0.00000E+00
2414.643 -0.00000E+00
2457.256 -0.00000E+00
2499.868 -0.00000E+00
2542.481 -0.00000E+00
2585.094 -0.00000E+00
2627.706 -0.00000E+00
2670.319 -0.00000E+00
2712.931 -0.00000E+00
2755.544 -0.00000E+00
2798.156 -0.00000E+00
2840.769 -0.00000E+00
2883.382 0.00000E+00
2925.994 0.00000E+00
2968.607 0.00000E+00
3011.219 0.00000E+00
3053.832 0.00000E+00
3096.444 0.00000E+00
3139.057 0.00000E+00
3181.670 0.00000E+00
3224.282 0.00000E+00
3266.895 -0.00000E+00
3309.508 -0.00000E+00
3352.120 -0.00000E+00
3394.733 -0.00000E+00
3437.345 -0.00000E+00
3479.958 -0.00000E+00
3479.958 0.46069E+01
3517.468 0.46444E+01
3554.979 0.43271E+01
3592.490 0.37249E+01
3630.000 0.29507E+01
3630.000 0.29507E+01
3662.833 0.22195E+01
3695.667 0.15510E+01
3728.500 0.10061E+01
3761.333 0.61553E+00
3794.167 0.37827E+00
3827.000 0.26527E+00
3859.833 0.22922E+00
3892.667 0.21714E+00
3925.500 0.18335E+00
3958.333 0.99766E-01
3991.167 -0.38346E-01
4024.000 -0.21235E+00
4056.833 -0.38540E+00
4089.667 -0.51141E+00
4122.500 -0.54538E+00
4155.333 -0.45300E+00
4188.167 -0.21726E+00
4221.000 0.15863E+00
4253.833 0.65225E+00
4286.667 0.12258E+01
4319.500 0.18316E+01
4352.333 0.24175E+01
4385.167 0.29314E+01
4418.000 0.33252E+01
4450.833 0.35574E+01
4483.667 0.35968E+01
4516.500 0.34256E+01
4549.333 0.30449E+01
4582.167 0.24790E+01
4615.000 0.17787E+01
4647.833 0.10207E+01
4680.667 0.30176E+00
4713.500 -0.27347E+00
4746.333 -0.60887E+00
4779.167 -0.63593E+00
4812.000 -0.33051E+00
4844.833 0.27690E+00
4877.667 0.11011E+01
4910.500 0.20141E+01
4943.333 0.28666E+01
4976.167 0.35169E+01
5009.000 0.38591E+01
5041.833 0.38441E+01
5074.667 0.34894E+01
5107.500 0.28734E+01
5140.333 0.21160E+01
5173.167 0.13516E+01
5206.000 0.69900E+00
5238.833 0.23833E+00
5271.667 -0.62087E-03
5304.500 -0.36841E-01
5337.333 0.75700E-01
5370.167 0.26775E+00
5403.000 0.47412E+00
5435.833 0.64648E+00
5468.667 0.75700E+00
5501.500 0.79366E+00
5534.333 0.75201E+00
5567.167 0.62923E+00
5600.000 0.42518E+00
5600.000 0.42518E+00
5625.250 0.23405E+00
5650.500 0.22381E-01
5675.750 -0.19127E+00
5701.000 -0.37547E+00
5701.000 -0.23570E+00
5724.333 -0.42706E+00
5747.667 -0.50134E+00
5771.000 -0.39263E+00
5771.000 -0.39262E+00
5796.000 -0.22832E-01
5821.000 0.64484E+00
5846.000 0.15855E+01
5871.000 0.26948E+01
5896.000 0.37904E+01
5921.000 0.46391E+01
5946.000 0.50088E+01
5971.000 0.47384E+01
5971.000 0.53481E+01
5993.500 0.43306E+01
6016.000 0.28544E+01
6038.500 0.12211E+01
6061.000 -0.21377E+00
6083.500 -0.11261E+01
6106.000 -0.13050E+01
6128.500 -0.70967E+00
6151.000 0.51536E+00
6151.000 0.62068E+00
6174.333 0.24531E+01
6197.667 0.41122E+01
6221.000 0.51452E+01
6244.333 0.53063E+01
6267.667 0.46215E+01
6291.000 0.33639E+01
6291.000 0.32788E+01
6309.543 0.21861E+01
6328.086 0.12035E+01
6346.629 0.48859E+00
6346.629 0.53693E+00
6351.314 0.39186E+00
6356.000 0.27180E+00
6356.000 0.28299E+00
6362.000 0.14493E+00
6368.000 0.66247E-01
6368.000 0.00000E+00
6369.500 0.00000E+00
6371.000 0.00000E+00
