0.000 0.00000E+00
22.620 0.00000E+00
45.240 0.00000E+00
67.861 0.00000E+00
90.481 0.00000E+00
113.101 0.00000E+00
135.721 0.00000E+00
158.341 0.00000E+00
180.962 0.00000E+00
203.582 0.00000E+00
226.202 0.00000E+00
248.822 0.00000E+00
271.442 0.00000E+00
294.063 0.00000E+00
316.683 0.00000E+00
339.303 0.00000E+00
361.923 0.00000E+00
384.543 0.00000E+00
407.164 0.00000E+00
429.784 0.00000E+00
452.404 0.00000E+00
475.024 0.00000E+00
497.644 0.00000E+00
520.265 0.00000E+00
542.885 0.00000E+00
565.505 0.00000E+00
588.125 0.00000E+00
610.745 0.00000E+00
633.366 0.00000E+00
655.986 0.00000E+00
678.606 0.00000E+00
701.226 0.00000E+00
723.846 0.00000E+00
746.467 0.00000E+00
769.087 0.00000E+00
791.707 0.00000E+00
814.327 0.00000E+00
836.947 0.00000E+00
859.568 0.00000E+00
882.188 0.00000E+00
904.808 0.00000E+00
927.428 0.00000E+00
950.048 0.00000E+00
972.669 0.00000E+00
995.289 0.00000E+00
1017.909 0.00000E+00
1040.529 0.00000E+00
1063.149 0.00000E+00
1085.770 0.00000E+00
1108.390 0.00000E+00
1131.010 0.00000E+00
1153.630 0.00000E+00
1176.250 0.00000E+00
1198.871 0.00000E+00
1221.491 0.00000E+00
1221.491 0.00000E+00
1264.103 0.00000E+00
1306.716 0.00000E+00
1349.328 0.00000E+00
1391.941 0.00000E+00
1434.554 0.00000E+00
1477.166 0.00000E+00
1519.779 0.00000E+00
1562.391 0.00000E+00
1605.004 0.00000E+00
1647.617 0.00000E+00
1690.229 0.00000E+00
1732.842 0.00000E+00
1775.454 0.00000E+00
1818.067 0.00000E+00
1860.679 0.00000E+00
1903.292 0.00000E+00
1945.905 0.00000E+00
1988.517 0.00000E+00
2031.130 0.00000E+00
2073.742 0.00000E+00
2116.355 0.00000E+00
2158.968 0.00000E+00
2201.580 0.00000E+00
2244.193 0.00000E+00
2286.805 0.00000E+00
2329.418 0.00000E+00
2372.031 0.00000E+00
2414.643 0.00000E+00
2457.256 0.00000E+00
2499.868 0.00000E+00
2542.481 0.00000E+00
2585.094 0.00000E+00
2627.706 0.00000E+00
2670.319 0.00000E+00
2712.931 -0.00000E+00
2755.544 -0.00000E+00
2798.156 -0.00000E+00
2840.769 -0.00000E+00
2883.382 -0.00000E+00
2925.994 -0.00000E+00
2968.607 -0.00000E+00
3011.219 -0.00000E+00
3053.832 -0.00000E+00
3096.444 -0.00000E+00
3139.057 -0.00000E+00
3181.670 -0.00000E+00
3224.282 0.00000E+00
3266.895 0.00000E+00
3309.508 0.00000E+00
3352.120 0.00000E+00
3394.733 0.00000E+00
3437.345 0.00000E+00
3479.958 0.00000E+00
3479.958 0.12251E+01
3517.468 0.85523E+00
3554.979 0.51602E+00
3592.490 0.21720E+00
3630.000 -0.36325E-01
3630.000 -0.36325E-01
3662.833 -0.22713E+00
3695.667 -0.38506E+00
3728.500 -0.51418E+00
3761.333 -0.61894E+00
3794.167 -0.70354E+00
3827.000 -0.77136E+00
3859.833 -0.82479E+00
3892.667 -0.86527E+00
3925.500 -0.89354E+00
3958.333 -0.91015E+00
3991.167 -0.91588E+00
4024.000 -0.91212E+00
4056.833 -0.90094E+00
4089.667 -0.88496E+00
4122.500 -0.86688E+00
4155.333 -0.84875E+00
4188.167 -0.83128E+00
4221.000 -0.81312E+00
4253.833 -0.79057E+00
4286.667 -0.75756E+00
4319.500 -0.70626E+00
4352.333 -0.62813E+00
4385.167 -0.51532E+00
4418.000 -0.36223E+00
4450.833 -0.16700E+00
4483.667 0.67456E-01
4516.500 0.33300E+00
4549.333 0.61659E+00
4582.167 0.90139E+00
4615.000 0.11686E+01
4647.833 0.13994E+01
4680.667 0.15778E+01
4713.500 0.16922E+01
4746.333 0.17369E+01
4779.167 0.17128E+01
4812.000 0.16272E+01
4844.833 0.14924E+01
4877.667 0.13237E+01
4910.500 0.11374E+01
4943.333 0.94819E+00
4976.167 0.76716E+00
5009.000 0.60067E+00
5041.833 0.44961E+00
5074.667 0.30980E+00
5107.500 0.17309E+00
5140.333 0.29123E-01
5173.167 -0.13249E+00
5206.000 -0.31995E+00
5238.833 -0.53709E+00
5271.667 -0.78167E+00
5304.500 -0.10442E+01
5337.333 -0.13075E+01
5370.167 -0.15474E+01
5403.000 -0.17341E+01
5435.833 -0.18353E+01
5468.667 -0.18194E+01
5501.500 -0.16606E+01
5534.333 -0.13434E+01
5567.167 -0.86782E+00
5600.000 -0.25208E+00
5600.000 -0.25208E+00
5625.250 0.33315E+00
5650.500 0.96077E+00
5675.750 0.15977E+01
5701.000 0.22041E+01
5701.000 0.28712E+01
5724.333 0.33313E+01
5747.667 0.36179E+01
5771.000 0.37044E+01
5771.000 0.37044E+01
5796.000 0.36586E+01
5821.000 0.33640E+01
5846.000 0.28387E+01
5871.000 0.21320E+01
5896.000 0.13204E+01
5921.000 0.50015E+00
5946.000 -0.22650E+00
5971.000 -0.76757E+00
5971.000 -0.75900E+00
5993.500 -0.10419E+01
6016.000 -0.11004E+01
6038.500 -0.95652E+00
6061.000 -0.65860E+00
6083.500 -0.27203E+00
6106.000 0.13257E+00
6128.500 0.49103E+00
6151.000 0.75531E+00
6151.000 0.89339E+00
6174.333 0.10627E+01
6197.667 0.10541E+01
6221.000 0.90639E+00
6244.333 0.67880E+00
6267.667 0.43349E+00
6291.000 0.22131E+00
6291.000 0.21848E+00
6309.543 0.96751E-01
6328.086 0.21215E-01
6346.629 -0.86179E-02
6346.629 -0.11161E-01
6351.314 -0.12741E-01
6356.000 -0.11815E-01
6356.000 -0.10923E-01
6362.000 -0.75656E-02
6368.000 -0.83512E-03
6368.000 0.00000E+00
6369.500 0.00000E+00
6371.000 0.00000E+00
