0.000 0.00000E+00
22.620 0.00000E+00
45.240 0.00000E+00
67.861 0.00000E+00
90.481 0.00000E+00
113.101 0.00000E+00
135.721 0.00000E+00
158.341 0.00000E+00
180.962 0.00000E+00
203.582 0.00000E+00
226.202 0.00000E+00
248.822 0.00000E+00
271.442 0.00000E+00
294.063 0.00000E+00
316.683 0.00000E+00
339.303 0.00000E+00
361.923 0.00000E+00
384.543 0.00000E+00
407.164 0.00000E+00
429.784 0.00000E+00
452.404 0.00000E+00
475.024 0.00000E+00
497.644 0.00000E+00
520.265 0.00000E+00
542.885 0.00000E+00
565.505 0.00000E+00
588.125 0.00000E+00
610.745 0.00000E+00
633.366 0.00000E+00
655.986 0.00000E+00
678.606 0.00000E+00
701.226 0.00000E+00
723.846 0.00000E+00
746.467 0.00000E+00
769.087 0.00000E+00
791.707 0.00000E+00
814.327 0.00000E+00
836.947 0.00000E+00
859.568 0.00000E+00
882.188 0.00000E+00
904.808 0.00000E+00
927.428 0.00000E+00
950.048 0.00000E+00
972.669 0.00000E+00
995.289 0.00000E+00
1017.909 0.00000E+00
1040.529 0.00000E+00
1063.149 0.00000E+00
1085.770 0.00000E+00
1108.390 0.00000E+00
1131.010 0.00000E+00
1153.630 0.00000E+00
1176.250 0.00000E+00
1198.871 0.00000E+00
1221.491 0.00000E+00
1221.491 0.00000E+00
1264.103 0.00000E+00
1306.716 0.00000E+00
1349.328 0.00000E+00
1391.941 0.00000E+00
1434.554 0.00000E+00
1477.166 0.00000E+00
1519.779 0.00000E+00
1562.391 0.00000E+00
1605.004 0.00000E+00
1647.617 0.00000E+00
1690.229 0.00000E+00
1732.842 0.00000E+00
1775.454 0.00000E+00
1818.067 0.00000E+00
1860.679 0.00000E+00
1903.292 0.00000E+00
1945.905 0.00000E+00
1988.517 0.00000E+00
2031.130 0.00000E+00
2073.742 0.00000E+00
2116.355 0.00000E+00
2158.968 0.00000E+00
2201.580 0.00000E+00
2244.193 0.00000E+00
2286.805 0.00000E+00
2329.418 0.00000E+00
2372.031 0.00000E+00
2414.643 0.00000E+00
2457.256 0.00000E+00
2499.868 0.00000E+00
2542.481 0.00000E+00
2585.094 0.00000E+00
2627.706 0.00000E+00
2670.319 0.00000E+00
2712.931 0.00000E+00
2755.544 0.00000E+00
2798.156 0.00000E+00
2840.769 0.00000E+00
2883.382 0.00000E+00
2925.994 0.00000E+00
2968.607 -0.00000E+00
3011.219 -0.00000E+00
3053.832 -0.00000E+00
3096.444 -0.00000E+00
3139.057 -0.00000E+00
3181.670 -0.00000E+00
3224.282 -0.00000E+00
3266.895 -0.00000E+00
3309.508 -0.00000E+00
3352.120 -0.00000E+00
3394.733 0.00000E+00
3437.345 0.00000E+00
3479.958 0.00000E+00
3479.958 -0.29295E-01
3517.468 -0.64476E-01
3554.979 0.12902E-01
3592.490 0.24074E+00
3630.000 0.62625E+00
3630.000 0.62625E+00
3662.833 0.10678E+01
3695.667 0.15638E+01
3728.500 0.20569E+01
3761.333 0.24845E+01
3794.167 0.27883E+01
3827.000 0.29252E+01
3859.833 0.28742E+01
3892.667 0.26410E+01
3925.500 0.22559E+01
3958.333 0.17683E+01
3991.167 0.12375E+01
4024.000 0.72186E+00
4056.833 0.26849E+00
4089.667 -0.93389E-01
4122.500 -0.35517E+00
4155.333 -0.52666E+00
4188.167 -0.62980E+00
4221.000 -0.69022E+00
4253.833 -0.72891E+00
4286.667 -0.75618E+00
4319.500 -0.76970E+00
4352.333 -0.75688E+00
4385.167 -0.70094E+00
4418.000 -0.58869E+00
4450.833 -0.41760E+00
4483.667 -0.19984E+00
4516.500 0.38333E-01
4549.333 0.26183E+00
4582.167 0.43556E+00
4615.000 0.53425E+00
4647.833 0.55051E+00
4680.667 0.49839E+00
4713.500 0.41110E+00
4746.333 0.33315E+00
4779.167 0.30864E+00
4812.000 0.36898E+00
4844.833 0.52338E+00
4877.667 0.75504E+00
4910.500 0.10243E+01
4943.333 0.12784E+01
4976.167 0.14644E+01
5009.000 0.15438E+01
5041.833 0.15019E+01
5074.667 0.13525E+01
5107.500 0.11337E+01
5140.333 0.89855E+00
5173.167 0.70087E+00
5206.000 0.58160E+00
5238.833 0.55834E+00
5271.667 0.62081E+00
5304.500 0.73286E+00
5337.333 0.84038E+00
5370.167 0.88300E+00
5403.000 0.80711E+00
5435.833 0.57790E+00
5468.667 0.18886E+00
5501.500 -0.33253E+00
5534.333 -0.92370E+00
5567.167 -0.14913E+01
5600.000 -0.19215E+01
5600.000 -0.19215E+01
5625.250 -0.20424E+01
5650.500 -0.19687E+01
5675.750 -0.16604E+01
5701.000 -0.10952E+01
5701.000 -0.10427E+01
5724.333 -0.27222E+00
5747.667 0.66618E+00
5771.000 0.16825E+01
5771.000 0.16825E+01
5796.000 0.28180E+01
5821.000 0.38145E+01
5846.000 0.45112E+01
5871.000 0.47768E+01
5896.000 0.45440E+01
5921.000 0.38354E+01
5946.000 0.27696E+01
5971.000 0.15445E+01
5971.000 0.17153E+01
5993.500 0.58928E+00
6016.000 -0.28726E+00
6038.500 -0.80833E+00
6061.000 -0.95312E+00
6083.500 -0.78136E+00
6106.000 -0.40924E+00
6128.500 0.26030E-01
6151.000 0.40245E+00
6151.000 0.49604E+00
6174.333 0.77949E+00
6197.667 0.81909E+00
6221.000 0.66856E+00
6244.333 0.42223E+00
6267.667 0.17218E+00
6291.000 -0.18641E-01
6291.000 -0.18914E-01
6309.543 -0.10901E+00
6328.086 -0.13491E+00
6346.629 -0.90772E-01
6346.629 -0.11138E+00
6351.314 -0.92865E-01
6356.000 -0.68613E-01
6356.000 -0.61811E-01
6362.000 -0.32825E-01
6368.000 0.66421E-02
6368.000 0.00000E+00
6369.500 0.00000E+00
6371.000 0.00000E+00
