0.000 0.00000E+00
22.620 0.00000E+00
45.240 0.00000E+00
67.861 0.00000E+00
90.481 0.00000E+00
113.101 0.00000E+00
135.721 0.00000E+00
158.341 0.00000E+00
180.962 0.00000E+00
203.582 0.00000E+00
226.202 0.00000E+00
248.822 0.00000E+00
271.442 0.00000E+00
294.063 0.00000E+00
316.683 0.00000E+00
339.303 0.00000E+00
361.923 0.00000E+00
384.543 0.00000E+00
407.164 0.00000E+00
429.784 0.00000E+00
452.404 0.00000E+00
475.024 0.00000E+00
497.644 0.00000E+00
520.265 0.00000E+00
542.885 0.00000E+00
565.505 0.00000E+00
588.125 0.00000E+00
610.745 0.00000E+00
633.366 0.00000E+00
655.986 0.00000E+00
678.606 0.00000E+00
701.226 0.00000E+00
723.846 0.00000E+00
746.467 0.00000E+00
769.087 0.00000E+00
791.707 0.00000E+00
814.327 0.00000E+00
836.947 0.00000E+00
859.568 0.00000E+00
882.188 0.00000E+00
904.808 0.00000E+00
927.428 0.00000E+00
950.048 0.00000E+00
972.669 0.00000E+00
995.289 0.00000E+00
1017.909 0.00000E+00
1040.529 0.00000E+00
1063.149 0.00000E+00
1085.770 0.00000E+00
1108.390 0.00000E+00
1131.010 0.00000E+00
1153.630 0.00000E+00
1176.250 0.00000E+00
1198.871 0.00000E+00
1221.491 0.00000E+00
1221.491 0.00000E+00
1264.103 0.00000E+00
1306.716 0.00000E+00
1349.328 0.00000E+00
1391.941 0.00000E+00
1434.554 0.00000E+00
1477.166 0.00000E+00
1519.779 0.00000E+00
1562.391 0.00000E+00
1605.004 0.00000E+00
1647.617 0.00000E+00
1690.229 0.00000E+00
1732.842 0.00000E+00
1775.454 0.00000E+00
1818.067 0.00000E+00
1860.679 0.00000E+00
1903.292 0.00000E+00
1945.905 0.00000E+00
1988.517 0.00000E+00
2031.130 0.00000E+00
2073.742 0.00000E+00
2116.355 0.00000E+00
2158.968 0.00000E+00
2201.580 0.00000E+00
2244.193 0.00000E+00
2286.805 0.00000E+00
2329.418 0.00000E+00
2372.031 0.00000E+00
2414.643 0.00000E+00
2457.256 0.00000E+00
2499.868 0.00000E+00
2542.481 0.00000E+00
2585.094 0.00000E+00
2627.706 0.00000E+00
2670.319 0.00000E+00
2712.931 0.00000E+00
2755.544 0.00000E+00
2798.156 0.00000E+00
2840.769 0.00000E+00
2883.382 0.00000E+00
2925.994 0.00000E+00
2968.607 0.00000E+00
3011.219 0.00000E+00
3053.832 0.00000E+00
3096.444 0.00000E+00
3139.057 0.00000E+00
3181.670 0.00000E+00
3224.282 0.00000E+00
3266.895 0.00000E+00
3309.508 0.00000E+00
3352.120 0.00000E+00
3394.733 0.00000E+00
3437.345 0.00000E+00
3479.958 0.00000E+00
3479.958 -0.33025E+00
3517.468 -0.61784E-02
3554.979 0.14309E+01
3592.490 0.26081E+01
3630.000 0.32336E+01
3630.000 0.32336E+01
3662.833 0.33928E+01
3695.667 0.32928E+01
3728.500 0.30356E+01
3761.333 0.26999E+01
3794.167 0.23401E+01
3827.000 0.19901E+01
3859.833 0.16691E+01
3892.667 0.13863E+01
3925.500 0.11447E+01
3958.333 0.94333E+00
3991.167 0.77947E+00
4024.000 0.64958E+00
4056.833 0.55003E+00
4089.667 0.47749E+00
4122.500 0.42912E+00
4155.333 0.40266E+00
4188.167 0.39640E+00
4221.000 0.40918E+00
4253.833 0.44026E+00
4286.667 0.48931E+00
4319.500 0.55628E+00
4352.333 0.64129E+00
4385.167 0.74459E+00
4418.000 0.86643E+00
4450.833 0.10070E+01
4483.667 0.11661E+01
4516.500 0.13436E+01
4549.333 0.15385E+01
4582.167 0.17498E+01
4615.000 0.19756E+01
4647.833 0.22135E+01
4680.667 0.24603E+01
4713.500 0.27122E+01
4746.333 0.29647E+01
4779.167 0.32126E+01
4812.000 0.34503E+01
4844.833 0.36717E+01
4877.667 0.38706E+01
4910.500 0.40408E+01
4943.333 0.41766E+01
4976.167 0.42731E+01
5009.000 0.43261E+01
5041.833 0.43334E+01
5074.667 0.42943E+01
5107.500 0.42102E+01
5140.333 0.40853E+01
5173.167 0.39258E+01
5206.000 0.37409E+01
5238.833 0.35420E+01
5271.667 0.33428E+01
5304.500 0.31586E+01
5337.333 0.30054E+01
5370.167 0.28994E+01
5403.000 0.28560E+01
5435.833 0.28881E+01
5468.667 0.30055E+01
5501.500 0.32136E+01
5534.333 0.35123E+01
5567.167 0.38950E+01
5600.000 0.43488E+01
5600.000 0.43488E+01
5625.250 0.47291E+01
5650.500 0.51088E+01
5675.750 0.54668E+01
5701.000 0.57792E+01
5701.000 0.54984E+01
5724.333 0.56397E+01
5747.667 0.56676E+01
5771.000 0.55769E+01
5771.000 0.55769E+01
5796.000 0.53324E+01
5821.000 0.49703E+01
5846.000 0.45164E+01
5871.000 0.40100E+01
5896.000 0.35024E+01
5921.000 0.30542E+01
5946.000 0.27305E+01
5971.000 0.25953E+01
5971.000 0.29558E+01
5993.500 0.29639E+01
6016.000 0.32011E+01
6038.500 0.36890E+01
6061.000 0.44317E+01
6083.500 0.54146E+01
6106.000 0.66034E+01
6128.500 0.79459E+01
6151.000 0.93743E+01
6151.000 0.91206E+01
6174.333 0.10359E+02
6197.667 0.11498E+02
6221.000 0.12436E+02
6244.333 0.13086E+02
6267.667 0.13385E+02
6291.000 0.13300E+02
6291.000 0.13301E+02
6309.543 0.12972E+02
6328.086 0.12413E+02
6346.629 0.11645E+02
6346.629 0.75634E+01
6351.314 0.73585E+01
6356.000 0.71489E+01
6356.000 0.50739E+01
6362.000 0.48139E+01
6368.000 0.45795E+01
6368.000 0.00000E+00
6369.500 0.00000E+00
6371.000 0.00000E+00
