0.000 0.00000E+00
22.620 0.00000E+00
45.240 0.00000E+00
67.861 0.00000E+00
90.481 0.00000E+00
113.101 0.00000E+00
135.721 0.00000E+00
158.341 0.00000E+00
180.962 0.00000E+00
203.582 0.00000E+00
226.202 0.00000E+00
248.822 0.00000E+00
271.442 0.00000E+00
294.063 0.00000E+00
316.683 0.00000E+00
339.303 0.00000E+00
361.923 0.00000E+00
384.543 0.00000E+00
407.164 0.00000E+00
429.784 0.00000E+00
452.404 0.00000E+00
475.024 0.00000E+00
497.644 0.00000E+00
520.265 0.00000E+00
542.885 0.00000E+00
565.505 0.00000E+00
588.125 0.00000E+00
610.745 0.00000E+00
633.366 0.00000E+00
655.986 0.00000E+00
678.606 0.00000E+00
701.226 0.00000E+00
723.846 0.00000E+00
746.467 0.00000E+00
769.087 0.00000E+00
791.707 0.00000E+00
814.327 0.00000E+00
836.947 0.00000E+00
859.568 0.00000E+00
882.188 0.00000E+00
904.808 0.00000E+00
927.428 0.00000E+00
950.048 0.00000E+00
972.669 0.00000E+00
995.289 0.00000E+00
1017.909 0.00000E+00
1040.529 0.00000E+00
1063.149 0.00000E+00
1085.770 0.00000E+00
1108.390 0.00000E+00
1131.010 0.00000E+00
1153.630 0.00000E+00
1176.250 0.00000E+00
1198.871 0.00000E+00
1221.491 0.00000E+00
1221.491 0.00000E+00
1264.103 0.00000E+00
1306.716 0.00000E+00
1349.328 0.00000E+00
1391.941 0.00000E+00
1434.554 0.00000E+00
1477.166 0.00000E+00
1519.779 0.00000E+00
1562.391 0.00000E+00
1605.004 0.00000E+00
1647.617 0.00000E+00
1690.229 0.00000E+00
1732.842 0.00000E+00
1775.454 0.00000E+00
1818.067 0.00000E+00
1860.679 0.00000E+00
1903.292 0.00000E+00
1945.905 0.00000E+00
1988.517 0.00000E+00
2031.130 0.00000E+00
2073.742 0.00000E+00
2116.355 0.00000E+00
2158.968 0.00000E+00
2201.580 0.00000E+00
2244.193 0.00000E+00
2286.805 0.00000E+00
2329.418 0.00000E+00
2372.031 0.00000E+00
2414.643 0.00000E+00
2457.256 0.00000E+00
2499.868 0.00000E+00
2542.481 0.00000E+00
2585.094 0.00000E+00
2627.706 0.00000E+00
2670.319 0.00000E+00
2712.931 0.00000E+00
2755.544 0.00000E+00
2798.156 0.00000E+00
2840.769 0.00000E+00
2883.382 0.00000E+00
2925.994 0.00000E+00
2968.607 0.00000E+00
3011.219 0.00000E+00
3053.832 0.00000E+00
3096.444 0.00000E+00
3139.057 0.00000E+00
3181.670 0.00000E+00
3224.282 0.00000E+00
3266.895 0.00000E+00
3309.508 0.00000E+00
3352.120 0.00000E+00
3394.733 0.00000E+00
3437.345 0.00000E+00
3479.958 0.00000E+00
3479.958 0.00000E+00
3517.468 0.00000E+00
3554.979 0.26337E-03
3592.490 0.39006E-03
3630.000 0.55003E-03
3630.000 0.55003E-03
3662.833 0.71763E-03
3695.667 0.91789E-03
3728.500 0.11634E-02
3761.333 0.14707E-02
3794.167 0.18596E-02
3827.000 0.23544E-02
3859.833 0.29841E-02
3892.667 0.37839E-02
3925.500 0.47964E-02
3958.333 0.60735E-02
3991.167 0.76780E-02
4024.000 0.96860E-02
4056.833 0.12189E-01
4089.667 0.15298E-01
4122.500 0.19146E-01
4155.333 0.23889E-01
4188.167 0.29716E-01
4221.000 0.36849E-01
4253.833 0.45549E-01
4286.667 0.56125E-01
4319.500 0.68933E-01
4352.333 0.84390E-01
4385.167 0.10298E+00
4418.000 0.12525E+00
4450.833 0.15184E+00
4483.667 0.18347E+00
4516.500 0.22096E+00
4549.333 0.26522E+00
4582.167 0.31729E+00
4615.000 0.37830E+00
4647.833 0.44951E+00
4680.667 0.53230E+00
4713.500 0.62815E+00
4746.333 0.73868E+00
4779.167 0.86557E+00
4812.000 0.10106E+01
4844.833 0.11757E+01
4877.667 0.13627E+01
4910.500 0.15734E+01
4943.333 0.18097E+01
4976.167 0.20734E+01
5009.000 0.23659E+01
5041.833 0.26885E+01
5074.667 0.30421E+01
5107.500 0.34271E+01
5140.333 0.38434E+01
5173.167 0.42900E+01
5206.000 0.47651E+01
5238.833 0.52659E+01
5271.667 0.57884E+01
5304.500 0.63272E+01
5337.333 0.68752E+01
5370.167 0.74241E+01
5403.000 0.79633E+01
5435.833 0.84808E+01
5468.667 0.89626E+01
5501.500 0.93927E+01
5534.333 0.97536E+01
5567.167 0.10027E+02
5600.000 0.10192E+02
5600.000 0.10192E+02
5625.250 0.10314E+02
5650.500 0.10363E+02
5675.750 0.10330E+02
5701.000 0.10205E+02
5701.000 0.11862E+02
5724.333 0.11682E+02
5747.667 0.11418E+02
5771.000 0.11060E+02
5771.000 0.11060E+02
5796.000 0.10760E+02
5821.000 0.10356E+02
5846.000 0.98465E+01
5871.000 0.92330E+01
5896.000 0.85208E+01
5921.000 0.77187E+01
5946.000 0.68396E+01
5971.000 0.59009E+01
5971.000 0.66029E+01
5993.500 0.56137E+01
6016.000 0.46026E+01
6038.500 0.35920E+01
6061.000 0.26086E+01
6083.500 0.16828E+01
6106.000 0.84882E+00
6128.500 0.14353E+00
6151.000 -0.39372E+00
6151.000 -0.41686E+00
6174.333 -0.77342E+00
6197.667 -0.87942E+00
6221.000 -0.69244E+00
6244.333 -0.17189E+00
6267.667 0.72045E+00
6291.000 0.20201E+01
6291.000 0.18939E+01
6309.543 0.32474E+01
6328.086 0.49038E+01
6346.629 0.68801E+01
6346.629 0.36672E+01
6351.314 0.41007E+01
6356.000 0.45489E+01
6356.000 0.30888E+01
6362.000 0.35455E+01
6368.000 0.40166E+01
6368.000 0.00000E+00
6369.500 0.00000E+00
6371.000 0.00000E+00
