0.000 0.00000E+00
22.620 0.00000E+00
45.240 0.00000E+00
67.861 0.00000E+00
90.481 0.00000E+00
113.101 0.00000E+00
135.721 0.00000E+00
158.341 0.00000E+00
180.962 0.00000E+00
203.582 0.00000E+00
226.202 0.00000E+00
248.822 0.00000E+00
271.442 0.00000E+00
294.063 0.00000E+00
316.683 0.00000E+00
339.303 0.00000E+00
361.923 0.00000E+00
384.543 0.00000E+00
407.164 0.00000E+00
429.784 0.00000E+00
452.404 0.00000E+00
475.024 0.00000E+00
497.644 0.00000E+00
520.265 0.00000E+00
542.885 0.00000E+00
565.505 0.00000E+00
588.125 0.00000E+00
610.745 0.00000E+00
633.366 0.00000E+00
655.986 0.00000E+00
678.606 0.00000E+00
701.226 0.00000E+00
723.846 0.00000E+00
746.467 0.00000E+00
769.087 0.00000E+00
791.707 0.00000E+00
814.327 0.00000E+00
836.947 0.00000E+00
859.568 0.00000E+00
882.188 0.00000E+00
904.808 0.00000E+00
927.428 0.00000E+00
950.048 0.00000E+00
972.669 0.00000E+00
995.289 0.00000E+00
1017.909 0.00000E+00
1040.529 0.00000E+00
1063.149 0.00000E+00
1085.770 0.00000E+00
1108.390 0.00000E+00
1131.010 0.00000E+00
1153.630 0.00000E+00
1176.250 0.00000E+00
1198.871 0.00000E+00
1221.491 0.00000E+00
1221.491 0.00000E+00
1264.103 0.00000E+00
1306.716 0.00000E+00
1349.328 0.00000E+00
1391.941 0.00000E+00
1434.554 0.00000E+00
1477.166 0.00000E+00
1519.779 0.00000E+00
1562.391 0.00000E+00
1605.004 0.00000E+00
1647.617 0.00000E+00
1690.229 0.00000E+00
1732.842 0.00000E+00
1775.454 0.00000E+00
1818.067 0.00000E+00
1860.679 0.00000E+00
1903.292 0.00000E+00
1945.905 0.00000E+00
1988.517 0.00000E+00
2031.130 0.00000E+00
2073.742 0.00000E+00
2116.355 0.00000E+00
2158.968 0.00000E+00
2201.580 0.00000E+00
2244.193 0.00000E+00
2286.805 0.00000E+00
2329.418 0.00000E+00
2372.031 0.00000E+00
2414.643 0.00000E+00
2457.256 0.00000E+00
2499.868 0.00000E+00
2542.481 0.00000E+00
2585.094 0.00000E+00
2627.706 0.00000E+00
2670.319 0.00000E+00
2712.931 0.00000E+00
2755.544 0.00000E+00
2798.156 0.00000E+00
2840.769 0.00000E+00
2883.382 0.00000E+00
2925.994 0.00000E+00
2968.607 0.00000E+00
3011.219 0.00000E+00
3053.832 0.00000E+00
3096.444 0.00000E+00
3139.057 0.00000E+00
3181.670 0.00000E+00
3224.282 0.00000E+00
3266.895 0.00000E+00
3309.508 0.00000E+00
3352.120 0.00000E+00
3394.733 0.00000E+00
3437.345 0.00000E+00
3479.958 0.00000E+00
3479.958 0.00000E+00
3517.468 0.00000E+00
3554.979 0.00000E+00
3592.490 0.00000E+00
3630.000 0.00000E+00
3630.000 0.00000E+00
3662.833 0.00000E+00
3695.667 0.00000E+00
3728.500 0.00000E+00
3761.333 0.00000E+00
3794.167 0.25713E-06
3827.000 0.20881E-06
3859.833 0.20006E-06
3892.667 0.20050E-06
3925.500 0.15386E-05
3958.333 0.21731E-05
3991.167 0.31901E-05
4024.000 0.47370E-05
4056.833 0.70493E-05
4089.667 0.10475E-04
4122.500 0.15518E-04
4155.333 0.22902E-04
4188.167 0.33661E-04
4221.000 0.49258E-04
4253.833 0.71764E-04
4286.667 0.10409E-03
4319.500 0.15029E-03
4352.333 0.21601E-03
4385.167 0.30909E-03
4418.000 0.44029E-03
4450.833 0.62435E-03
4483.667 0.88139E-03
4516.500 0.12387E-02
4549.333 0.17330E-02
4582.167 0.24138E-02
4615.000 0.33470E-02
4647.833 0.46202E-02
4680.667 0.63491E-02
4713.500 0.86858E-02
4746.333 0.11829E-01
4779.167 0.16037E-01
4812.000 0.21642E-01
4844.833 0.29073E-01
4877.667 0.38876E-01
4910.500 0.51742E-01
4943.333 0.68542E-01
4976.167 0.90366E-01
5009.000 0.11857E+00
5041.833 0.15481E+00
5074.667 0.20112E+00
5107.500 0.25997E+00
5140.333 0.33432E+00
5173.167 0.42766E+00
5206.000 0.54412E+00
5238.833 0.68846E+00
5271.667 0.86612E+00
5304.500 0.10832E+01
5337.333 0.13465E+01
5370.167 0.16631E+01
5403.000 0.20406E+01
5435.833 0.24865E+01
5468.667 0.30077E+01
5501.500 0.36101E+01
5534.333 0.42977E+01
5567.167 0.50714E+01
5600.000 0.59278E+01
5600.000 0.59278E+01
5625.250 0.66790E+01
5650.500 0.74793E+01
5675.750 0.83194E+01
5701.000 0.91862E+01
5701.000 0.10290E+02
5724.333 0.11211E+02
5747.667 0.12150E+02
5771.000 0.13073E+02
5771.000 0.13073E+02
5796.000 0.14175E+02
5821.000 0.15227E+02
5846.000 0.16192E+02
5871.000 0.17030E+02
5896.000 0.17699E+02
5921.000 0.18156E+02
5946.000 0.18357E+02
5971.000 0.18266E+02
5971.000 0.19398E+02
5993.500 0.18982E+02
6016.000 0.18244E+02
6038.500 0.17170E+02
6061.000 0.15765E+02
6083.500 0.14053E+02
6106.000 0.12081E+02
6128.500 0.99163E+01
6151.000 0.76544E+01
6151.000 0.87162E+01
6174.333 0.63697E+01
6197.667 0.41738E+01
6221.000 0.23317E+01
6244.333 0.10785E+01
6267.667 0.68338E+00
6291.000 0.14531E+01
6291.000 0.12547E+01
6309.543 0.29505E+01
6328.086 0.58347E+01
6346.629 0.10149E+02
6346.629 0.51447E+01
6351.314 0.61332E+01
6356.000 0.71926E+01
6356.000 0.47619E+01
6362.000 0.58559E+01
6368.000 0.70192E+01
6368.000 0.00000E+00
6369.500 0.00000E+00
6371.000 0.00000E+00
