0.000 0.00000E+00
22.620 0.00000E+00
45.240 0.00000E+00
67.861 0.00000E+00
90.481 0.00000E+00
113.101 0.00000E+00
135.721 0.00000E+00
158.341 0.00000E+00
180.962 0.00000E+00
203.582 0.00000E+00
226.202 0.00000E+00
248.822 0.00000E+00
271.442 0.00000E+00
294.063 0.00000E+00
316.683 0.00000E+00
339.303 0.00000E+00
361.923 0.00000E+00
384.543 0.00000E+00
407.164 0.00000E+00
429.784 0.00000E+00
452.404 0.00000E+00
475.024 0.00000E+00
497.644 0.00000E+00
520.265 0.00000E+00
542.885 0.00000E+00
565.505 0.00000E+00
588.125 0.00000E+00
610.745 0.00000E+00
633.366 0.00000E+00
655.986 0.00000E+00
678.606 0.00000E+00
701.226 0.00000E+00
723.846 0.00000E+00
746.467 0.00000E+00
769.087 0.00000E+00
791.707 0.00000E+00
814.327 0.00000E+00
836.947 0.00000E+00
859.568 0.00000E+00
882.188 0.00000E+00
904.808 0.00000E+00
927.428 0.00000E+00
950.048 0.00000E+00
972.669 0.00000E+00
995.289 0.00000E+00
1017.909 0.00000E+00
1040.529 0.00000E+00
1063.149 0.00000E+00
1085.770 0.00000E+00
1108.390 0.00000E+00
1131.010 0.00000E+00
1153.630 0.00000E+00
1176.250 0.00000E+00
1198.871 0.00000E+00
1221.491 0.00000E+00
1221.491 0.00000E+00
1264.103 0.00000E+00
1306.716 0.00000E+00
1349.328 0.00000E+00
1391.941 0.00000E+00
1434.554 0.00000E+00
1477.166 0.00000E+00
1519.779 0.00000E+00
1562.391 0.00000E+00
1605.004 0.00000E+00
1647.617 0.00000E+00
1690.229 0.00000E+00
1732.842 0.00000E+00
1775.454 0.00000E+00
1818.067 0.00000E+00
1860.679 0.00000E+00
1903.292 0.00000E+00
1945.905 0.00000E+00
1988.517 0.00000E+00
2031.130 0.00000E+00
2073.742 0.00000E+00
2116.355 0.00000E+00
2158.968 0.00000E+00
2201.580 0.00000E+00
2244.193 0.00000E+00
2286.805 0.00000E+00
2329.418 0.00000E+00
2372.031 0.00000E+00
2414.643 0.00000E+00
2457.256 0.00000E+00
2499.868 0.00000E+00
2542.481 0.00000E+00
2585.094 0.00000E+00
2627.706 0.00000E+00
2670.319 0.00000E+00
2712.931 0.00000E+00
2755.544 0.00000E+00
2798.156 0.00000E+00
2840.769 0.00000E+00
2883.382 0.00000E+00
2925.994 0.00000E+00
2968.607 0.00000E+00
3011.219 0.00000E+00
3053.832 0.00000E+00
3096.444 0.00000E+00
3139.057 0.00000E+00
3181.670 0.00000E+00
3224.282 0.00000E+00
3266.895 0.00000E+00
3309.508 0.00000E+00
3352.120 0.00000E+00
3394.733 0.00000E+00
3437.345 0.00000E+00
3479.958 0.00000E+00
3479.958 0.13202E+01
3517.468 0.95738E+00
3554.979 0.85298E+00
3592.490 0.90407E+00
3630.000 0.10428E+01
3630.000 0.10428E+01
3662.833 0.12025E+01
3695.667 0.13786E+01
3728.500 0.15589E+01
3761.333 0.17358E+01
3794.167 0.19051E+01
3827.000 0.20652E+01
3859.833 0.22157E+01
3892.667 0.23573E+01
3925.500 0.24911E+01
3958.333 0.26186E+01
3991.167 0.27414E+01
4024.000 0.28610E+01
4056.833 0.29789E+01
4089.667 0.30963E+01
4122.500 0.32143E+01
4155.333 0.33339E+01
4188.167 0.34557E+01
4221.000 0.35803E+01
4253.833 0.37080E+01
4286.667 0.38388E+01
4319.500 0.39728E+01
4352.333 0.41097E+01
4385.167 0.42492E+01
4418.000 0.43907E+01
4450.833 0.45335E+01
4483.667 0.46768E+01
4516.500 0.48197E+01
4549.333 0.49611E+01
4582.167 0.50998E+01
4615.000 0.52345E+01
4647.833 0.53639E+01
4680.667 0.54865E+01
4713.500 0.56007E+01
4746.333 0.57050E+01
4779.167 0.57976E+01
4812.000 0.58768E+01
4844.833 0.59410E+01
4877.667 0.59885E+01
4910.500 0.60174E+01
4943.333 0.60263E+01
4976.167 0.60134E+01
5009.000 0.59773E+01
5041.833 0.59166E+01
5074.667 0.58301E+01
5107.500 0.57167E+01
5140.333 0.55756E+01
5173.167 0.54062E+01
5206.000 0.52082E+01
5238.833 0.49817E+01
5271.667 0.47269E+01
5304.500 0.44448E+01
5337.333 0.41365E+01
5370.167 0.38036E+01
5403.000 0.34484E+01
5435.833 0.30736E+01
5468.667 0.26825E+01
5501.500 0.22790E+01
5534.333 0.18677E+01
5567.167 0.14536E+01
5600.000 0.10426E+01
5600.000 0.10426E+01
5625.250 0.79458E+00
5650.500 0.55808E+00
5675.750 0.33626E+00
5701.000 0.13250E+00
5701.000 0.64804E+00
5724.333 0.40620E+00
5747.667 0.18083E+00
5771.000 -0.25471E-01
5771.000 -0.25449E-01
5796.000 -0.19076E+00
5821.000 -0.33563E+00
5846.000 -0.45788E+00
5871.000 -0.55545E+00
5896.000 -0.62638E+00
5921.000 -0.66891E+00
5946.000 -0.68145E+00
5971.000 -0.66267E+00
5971.000 -0.64943E+00
5993.500 -0.63043E+00
6016.000 -0.58092E+00
6038.500 -0.49976E+00
6061.000 -0.38597E+00
6083.500 -0.23868E+00
6106.000 -0.57217E-01
6128.500 0.15891E+00
6151.000 0.40999E+00
6151.000 -0.15486E-01
6174.333 0.30557E+00
6197.667 0.65836E+00
6221.000 0.10418E+01
6244.333 0.14547E+01
6267.667 0.18953E+01
6291.000 0.23621E+01
6291.000 0.22882E+01
6309.543 0.26773E+01
6328.086 0.30818E+01
6346.629 0.35004E+01
6346.629 0.19827E+01
6351.314 0.20789E+01
6356.000 0.21760E+01
6356.000 0.15367E+01
6362.000 0.16361E+01
6368.000 0.17366E+01
6368.000 0.00000E+00
6369.500 0.00000E+00
6371.000 0.00000E+00
