0.000 0.00000E+00
22.620 0.00000E+00
45.240 0.00000E+00
67.861 0.00000E+00
90.481 0.00000E+00
113.101 0.00000E+00
135.721 0.00000E+00
158.341 0.00000E+00
180.962 0.00000E+00
203.582 0.00000E+00
226.202 0.00000E+00
248.822 0.00000E+00
271.442 0.00000E+00
294.063 0.00000E+00
316.683 0.00000E+00
339.303 0.00000E+00
361.923 0.00000E+00
384.543 0.00000E+00
407.164 0.00000E+00
429.784 0.00000E+00
452.404 0.00000E+00
475.024 0.00000E+00
497.644 0.00000E+00
520.265 0.00000E+00
542.885 0.00000E+00
565.505 0.00000E+00
588.125 0.00000E+00
610.745 0.00000E+00
633.366 0.00000E+00
655.986 0.00000E+00
678.606 0.00000E+00
701.226 0.00000E+00
723.846 0.00000E+00
746.467 0.00000E+00
769.087 0.00000E+00
791.707 0.00000E+00
814.327 0.00000E+00
836.947 0.00000E+00
859.568 0.00000E+00
882.188 0.00000E+00
904.808 0.00000E+00
927.428 0.00000E+00
950.048 0.00000E+00
972.669 0.00000E+00
995.289 0.00000E+00
1017.909 0.00000E+00
1040.529 0.00000E+00
1063.149 0.00000E+00
1085.770 0.00000E+00
1108.390 0.00000E+00
1131.010 0.00000E+00
1153.630 0.00000E+00
1176.250 0.00000E+00
1198.871 0.00000E+00
1221.491 0.00000E+00
1221.491 0.00000E+00
1264.103 0.00000E+00
1306.716 0.00000E+00
1349.328 0.00000E+00
1391.941 0.00000E+00
1434.554 0.00000E+00
1477.166 0.00000E+00
1519.779 0.00000E+00
1562.391 0.00000E+00
1605.004 0.00000E+00
1647.617 0.00000E+00
1690.229 0.00000E+00
1732.842 0.00000E+00
1775.454 0.00000E+00
1818.067 0.00000E+00
1860.679 0.00000E+00
1903.292 0.00000E+00
1945.905 0.00000E+00
1988.517 0.00000E+00
2031.130 0.00000E+00
2073.742 0.00000E+00
2116.355 0.00000E+00
2158.968 0.00000E+00
2201.580 0.00000E+00
2244.193 0.00000E+00
2286.805 0.00000E+00
2329.418 0.00000E+00
2372.031 0.00000E+00
2414.643 0.00000E+00
2457.256 0.00000E+00
2499.868 0.00000E+00
2542.481 0.00000E+00
2585.094 0.00000E+00
2627.706 0.00000E+00
2670.319 0.00000E+00
2712.931 0.00000E+00
2755.544 0.00000E+00
2798.156 0.00000E+00
2840.769 0.00000E+00
2883.382 0.00000E+00
2925.994 0.00000E+00
2968.607 0.00000E+00
3011.219 0.00000E+00
3053.832 0.00000E+00
3096.444 0.00000E+00
3139.057 0.00000E+00
3181.670 0.00000E+00
3224.282 0.00000E+00
3266.895 0.00000E+00
3309.508 0.00000E+00
3352.120 0.00000E+00
3394.733 0.00000E+00
3437.345 0.00000E+00
3479.958 0.00000E+00
3479.958 0.10443E+00
3517.468 0.18103E+00
3554.979 0.27788E+00
3592.490 0.38557E+00
3630.000 0.49728E+00
3630.000 0.49728E+00
3662.833 0.59463E+00
3695.667 0.68885E+00
3728.500 0.77816E+00
3761.333 0.86129E+00
3794.167 0.93734E+00
3827.000 0.10057E+01
3859.833 0.10661E+01
3892.667 0.11181E+01
3925.500 0.11619E+01
3958.333 0.11972E+01
3991.167 0.12243E+01
4024.000 0.12432E+01
4056.833 0.12540E+01
4089.667 0.12570E+01
4122.500 0.12523E+01
4155.333 0.12403E+01
4188.167 0.12211E+01
4221.000 0.11950E+01
4253.833 0.11625E+01
4286.667 0.11239E+01
4319.500 0.10796E+01
4352.333 0.10302E+01
4385.167 0.97606E+00
4418.000 0.91787E+00
4450.833 0.85626E+00
4483.667 0.79193E+00
4516.500 0.72565E+00
4549.333 0.65826E+00
4582.167 0.59067E+00
4615.000 0.52383E+00
4647.833 0.45878E+00
4680.667 0.39658E+00
4713.500 0.33838E+00
4746.333 0.28537E+00
4779.167 0.23876E+00
4812.000 0.19982E+00
4844.833 0.16982E+00
4877.667 0.15007E+00
4910.500 0.14185E+00
4943.333 0.14646E+00
4976.167 0.16515E+00
5009.000 0.19916E+00
5041.833 0.24964E+00
5074.667 0.31770E+00
5107.500 0.40435E+00
5140.333 0.51050E+00
5173.167 0.63692E+00
5206.000 0.78428E+00
5238.833 0.95305E+00
5271.667 0.11436E+01
5304.500 0.13559E+01
5337.333 0.15900E+01
5370.167 0.18457E+01
5403.000 0.21222E+01
5435.833 0.24189E+01
5468.667 0.27347E+01
5501.500 0.30684E+01
5534.333 0.34182E+01
5567.167 0.37825E+01
5600.000 0.41591E+01
5600.000 0.41591E+01
5625.250 0.45228E+01
5650.500 0.48926E+01
5675.750 0.52662E+01
5701.000 0.56414E+01
5701.000 0.58220E+01
5724.333 0.60827E+01
5747.667 0.63418E+01
5771.000 0.65978E+01
5771.000 0.65978E+01
5796.000 0.68564E+01
5821.000 0.70947E+01
5846.000 0.73094E+01
5871.000 0.74974E+01
5896.000 0.76553E+01
5921.000 0.77802E+01
5946.000 0.78692E+01
5971.000 0.79197E+01
5971.000 0.78213E+01
5993.500 0.78335E+01
6016.000 0.78261E+01
6038.500 0.77989E+01
6061.000 0.77516E+01
6083.500 0.76844E+01
6106.000 0.75974E+01
6128.500 0.74913E+01
6151.000 0.73669E+01
6151.000 0.68010E+01
6174.333 0.66495E+01
6197.667 0.64885E+01
6221.000 0.63199E+01
6244.333 0.61455E+01
6267.667 0.59675E+01
6291.000 0.57885E+01
6291.000 0.57932E+01
6309.543 0.56522E+01
6328.086 0.55120E+01
6346.629 0.53738E+01
6346.629 0.33536E+01
6351.314 0.33293E+01
6356.000 0.33061E+01
6356.000 0.22836E+01
6362.000 0.22577E+01
6368.000 0.22366E+01
6368.000 0.00000E+00
6369.500 0.00000E+00
6371.000 0.00000E+00
