0.000 0.00000E+00
22.620 0.00000E+00
45.240 0.00000E+00
67.861 0.00000E+00
90.481 0.00000E+00
113.101 0.00000E+00
135.721 0.00000E+00
158.341 0.00000E+00
180.962 0.00000E+00
203.582 0.00000E+00
226.202 0.00000E+00
248.822 0.00000E+00
271.442 0.00000E+00
294.063 0.00000E+00
316.683 0.00000E+00
339.303 0.00000E+00
361.923 0.00000E+00
384.543 0.00000E+00
407.164 0.00000E+00
429.784 0.00000E+00
452.404 0.00000E+00
475.024 0.00000E+00
497.644 0.00000E+00
520.265 0.00000E+00
542.885 0.00000E+00
565.505 0.00000E+00
588.125 0.00000E+00
610.745 0.00000E+00
633.366 0.00000E+00
655.986 0.00000E+00
678.606 0.00000E+00
701.226 0.00000E+00
723.846 0.00000E+00
746.467 0.00000E+00
769.087 0.00000E+00
791.707 0.00000E+00
814.327 0.00000E+00
836.947 0.00000E+00
859.568 0.00000E+00
882.188 0.00000E+00
904.808 0.00000E+00
927.428 0.00000E+00
950.048 0.00000E+00
972.669 0.00000E+00
995.289 0.00000E+00
1017.909 0.00000E+00
1040.529 0.00000E+00
1063.149 0.00000E+00
1085.770 0.00000E+00
1108.390 0.00000E+00
1131.010 0.00000E+00
1153.630 0.00000E+00
1176.250 0.00000E+00
1198.871 0.00000E+00
1221.491 0.00000E+00
1221.491 0.00000E+00
1264.103 0.00000E+00
1306.716 0.00000E+00
1349.328 0.00000E+00
1391.941 0.00000E+00
1434.554 0.00000E+00
1477.166 0.00000E+00
1519.779 0.00000E+00
1562.391 0.00000E+00
1605.004 0.00000E+00
1647.617 0.00000E+00
1690.229 0.00000E+00
1732.842 0.00000E+00
1775.454 0.00000E+00
1818.067 0.00000E+00
1860.679 0.00000E+00
1903.292 0.00000E+00
1945.905 0.00000E+00
1988.517 0.00000E+00
2031.130 0.00000E+00
2073.742 0.00000E+00
2116.355 0.00000E+00
2158.968 0.00000E+00
2201.580 0.00000E+00
2244.193 0.00000E+00
2286.805 0.00000E+00
2329.418 0.00000E+00
2372.031 0.00000E+00
2414.643 0.00000E+00
2457.256 0.00000E+00
2499.868 0.00000E+00
2542.481 0.00000E+00
2585.094 0.00000E+00
2627.706 0.00000E+00
2670.319 0.00000E+00
2712.931 0.00000E+00
2755.544 0.00000E+00
2798.156 0.00000E+00
2840.769 0.00000E+00
2883.382 0.00000E+00
2925.994 0.00000E+00
2968.607 0.00000E+00
3011.219 0.00000E+00
3053.832 0.00000E+00
3096.444 0.00000E+00
3139.057 0.00000E+00
3181.670 0.00000E+00
3224.282 0.00000E+00
3266.895 0.00000E+00
3309.508 0.00000E+00
3352.120 0.00000E+00
3394.733 0.00000E+00
3437.345 0.00000E+00
3479.958 0.00000E+00
3479.958 0.16370E+01
3517.468 0.17427E+01
3554.979 0.18317E+01
3592.490 0.19010E+01
3630.000 0.19480E+01
3630.000 0.19480E+01
3662.833 0.19658E+01
3695.667 0.19636E+01
3728.500 0.19405E+01
3761.333 0.18963E+01
3794.167 0.18316E+01
3827.000 0.17475E+01
3859.833 0.16460E+01
3892.667 0.15297E+01
3925.500 0.14018E+01
3958.333 0.12660E+01
3991.167 0.11264E+01
4024.000 0.98714E+00
4056.833 0.85243E+00
4089.667 0.72628E+00
4122.500 0.61232E+00
4155.333 0.51357E+00
4188.167 0.43237E+00
4221.000 0.37022E+00
4253.833 0.32770E+00
4286.667 0.30447E+00
4319.500 0.29929E+00
4352.333 0.31009E+00
4385.167 0.33411E+00
4418.000 0.36810E+00
4450.833 0.40851E+00
4483.667 0.45176E+00
4516.500 0.49447E+00
4549.333 0.53369E+00
4582.167 0.56718E+00
4615.000 0.59353E+00
4647.833 0.61228E+00
4680.667 0.62403E+00
4713.500 0.63036E+00
4746.333 0.63377E+00
4779.167 0.63745E+00
4812.000 0.64507E+00
4844.833 0.66044E+00
4877.667 0.68717E+00
4910.500 0.72831E+00
4943.333 0.78598E+00
4976.167 0.86107E+00
5009.000 0.95298E+00
5041.833 0.10595E+01
5074.667 0.11766E+01
5107.500 0.12988E+01
5140.333 0.14192E+01
5173.167 0.15297E+01
5206.000 0.16219E+01
5238.833 0.16871E+01
5271.667 0.17173E+01
5304.500 0.17056E+01
5337.333 0.16471E+01
5370.167 0.15391E+01
5403.000 0.13819E+01
5435.833 0.11787E+01
5468.667 0.93587E+00
5501.500 0.66276E+00
5534.333 0.37144E+00
5567.167 0.76012E-01
5600.000 -0.20811E+00
5600.000 -0.20812E+00
5625.250 -0.33916E+00
5650.500 -0.43874E+00
5675.750 -0.49839E+00
5701.000 -0.51057E+00
5701.000 -0.56559E+00
5724.333 -0.47821E+00
5747.667 -0.34965E+00
5771.000 -0.18317E+00
5771.000 -0.18313E+00
5796.000 0.67769E-01
5821.000 0.38670E+00
5846.000 0.76157E+00
5871.000 0.11760E+01
5896.000 0.16101E+01
5921.000 0.20410E+01
5946.000 0.24448E+01
5971.000 0.27972E+01
5971.000 0.33267E+01
5993.500 0.34819E+01
6016.000 0.35480E+01
6038.500 0.35247E+01
6061.000 0.34156E+01
6083.500 0.32287E+01
6106.000 0.29751E+01
6128.500 0.26688E+01
6151.000 0.23256E+01
6151.000 0.25788E+01
6174.333 0.21521E+01
6197.667 0.17147E+01
6221.000 0.12941E+01
6244.333 0.91315E+00
6267.667 0.58953E+00
6291.000 0.33476E+00
6291.000 0.33664E+00
6309.543 0.18723E+00
6328.086 0.85076E-01
6346.629 0.29102E-01
6346.629 0.20858E-01
6351.314 0.13778E-01
6356.000 0.93709E-02
6356.000 0.49704E-02
6362.000 0.31472E-02
6368.000 0.51026E-02
6368.000 0.00000E+00
6369.500 0.00000E+00
6371.000 0.00000E+00
