0.000 0.00000E+00
22.620 0.00000E+00
45.240 0.00000E+00
67.861 0.00000E+00
90.481 0.00000E+00
113.101 0.00000E+00
135.721 0.00000E+00
158.341 0.00000E+00
180.962 0.00000E+00
203.582 0.00000E+00
226.202 0.00000E+00
248.822 0.00000E+00
271.442 0.00000E+00
294.063 0.00000E+00
316.683 0.00000E+00
339.303 0.00000E+00
361.923 0.00000E+00
384.543 0.00000E+00
407.164 0.00000E+00
429.784 0.00000E+00
452.404 0.00000E+00
475.024 0.00000E+00
497.644 0.00000E+00
520.265 0.00000E+00
542.885 0.00000E+00
565.505 0.00000E+00
588.125 0.00000E+00
610.745 0.00000E+00
633.366 0.00000E+00
655.986 0.00000E+00
678.606 0.00000E+00
701.226 0.00000E+00
723.846 0.00000E+00
746.467 0.00000E+00
769.087 0.00000E+00
791.707 0.00000E+00
814.327 0.00000E+00
836.947 0.00000E+00
859.568 0.00000E+00
882.188 0.00000E+00
904.808 0.00000E+00
927.428 0.00000E+00
950.048 0.00000E+00
972.669 0.00000E+00
995.289 0.00000E+00
1017.909 0.00000E+00
1040.529 0.00000E+00
1063.149 0.00000E+00
1085.770 0.00000E+00
1108.390 0.00000E+00
1131.010 0.00000E+00
1153.630 0.00000E+00
1176.250 0.00000E+00
1198.871 0.00000E+00
1221.491 0.00000E+00
1221.491 0.00000E+00
1264.103 0.00000E+00
1306.716 0.00000E+00
1349.328 0.00000E+00
1391.941 0.00000E+00
1434.554 0.00000E+00
1477.166 0.00000E+00
1519.779 0.00000E+00
1562.391 0.00000E+00
1605.004 0.00000E+00
1647.617 0.00000E+00
1690.229 0.00000E+00
1732.842 0.00000E+00
1775.454 0.00000E+00
1818.067 0.00000E+00
1860.679 0.00000E+00
1903.292 0.00000E+00
1945.905 0.00000E+00
1988.517 0.00000E+00
2031.130 0.00000E+00
2073.742 0.00000E+00
2116.355 0.00000E+00
2158.968 0.00000E+00
2201.580 0.00000E+00
2244.193 0.00000E+00
2286.805 0.00000E+00
2329.418 0.00000E+00
2372.031 0.00000E+00
2414.643 0.00000E+00
2457.256 0.00000E+00
2499.868 0.00000E+00
2542.481 0.00000E+00
2585.094 0.00000E+00
2627.706 0.00000E+00
2670.319 0.00000E+00
2712.931 0.00000E+00
2755.544 0.00000E+00
2798.156 0.00000E+00
2840.769 0.00000E+00
2883.382 0.00000E+00
2925.994 0.00000E+00
2968.607 0.00000E+00
3011.219 0.00000E+00
3053.832 0.00000E+00
3096.444 0.00000E+00
3139.057 0.00000E+00
3181.670 0.00000E+00
3224.282 0.00000E+00
3266.895 0.00000E+00
3309.508 0.00000E+00
3352.120 0.00000E+00
3394.733 -0.00000E+00
3437.345 -0.00000E+00
3479.958 -0.00000E+00
3479.958 0.30336E+01
3517.468 0.30532E+01
3554.979 0.28942E+01
3592.490 0.25699E+01
3630.000 0.21158E+01
3630.000 0.21158E+01
3662.833 0.16519E+01
3695.667 0.11769E+01
3728.500 0.74002E+00
3761.333 0.38911E+00
3794.167 0.16454E+00
3827.000 0.93237E-01
3859.833 0.18391E+00
3892.667 0.42446E+00
3925.500 0.78212E+00
3958.333 0.12067E+01
3991.167 0.16368E+01
4024.000 0.20080E+01
4056.833 0.22631E+01
4089.667 0.23610E+01
4122.500 0.22847E+01
4155.333 0.20459E+01
4188.167 0.16853E+01
4221.000 0.12684E+01
4253.833 0.87655E+00
4286.667 0.59495E+00
4319.500 0.49896E+00
4352.333 0.64081E+00
4385.167 0.10391E+01
4418.000 0.16734E+01
4450.833 0.24840E+01
4483.667 0.33793E+01
4516.500 0.42476E+01
4549.333 0.49738E+01
4582.167 0.54566E+01
4615.000 0.56241E+01
4647.833 0.54456E+01
4680.667 0.49361E+01
4713.500 0.41533E+01
4746.333 0.31882E+01
4779.167 0.21494E+01
4812.000 0.11451E+01
4844.833 0.26622E+00
4877.667 -0.42722E+00
4910.500 -0.91283E+00
4943.333 -0.12053E+01
4976.167 -0.13483E+01
5009.000 -0.14018E+01
5041.833 -0.14263E+01
5074.667 -0.14685E+01
5107.500 -0.15511E+01
5140.333 -0.16693E+01
5173.167 -0.17938E+01
5206.000 -0.18796E+01
5238.833 -0.18783E+01
5271.667 -0.17507E+01
5304.500 -0.14758E+01
5337.333 -0.10553E+01
5370.167 -0.51114E+00
5403.000 0.12153E+00
5435.833 0.80447E+00
5468.667 0.15058E+01
5501.500 0.22057E+01
5534.333 0.28971E+01
5567.167 0.35797E+01
5600.000 0.42507E+01
5600.000 0.42507E+01
5625.250 0.48607E+01
5650.500 0.54620E+01
5675.750 0.60170E+01
5701.000 0.64746E+01
5701.000 0.82914E+01
5724.333 0.84483E+01
5747.667 0.83055E+01
5771.000 0.78556E+01
5771.000 0.78556E+01
5796.000 0.71990E+01
5821.000 0.61952E+01
5846.000 0.49366E+01
5871.000 0.35669E+01
5896.000 0.22586E+01
5921.000 0.11798E+01
5946.000 0.45873E+00
5971.000 0.15281E+00
5971.000 0.14935E+00
5993.500 0.26702E+00
6016.000 0.57287E+00
6038.500 0.95816E+00
6061.000 0.13247E+01
6083.500 0.16024E+01
6106.000 0.17573E+01
6128.500 0.17895E+01
6151.000 0.17220E+01
6151.000 0.18199E+01
6174.333 0.16205E+01
6197.667 0.13698E+01
6221.000 0.10996E+01
6244.333 0.81722E+00
6267.667 0.52498E+00
6291.000 0.24808E+00
6291.000 0.19957E+00
6309.543 0.44612E-01
6328.086 0.27860E-02
6346.629 0.13602E+00
6346.629 -0.30007E-01
6351.314 0.90793E-02
6356.000 0.69351E-01
6356.000 0.48828E-01
6362.000 0.10073E+00
6368.000 0.20723E+00
6368.000 0.00000E+00
6369.500 0.00000E+00
6371.000 0.00000E+00
