0.000 0.00000E+00
22.620 0.00000E+00
45.240 0.00000E+00
67.861 0.00000E+00
90.481 0.00000E+00
113.101 0.00000E+00
135.721 0.00000E+00
158.341 0.00000E+00
180.962 0.00000E+00
203.582 0.00000E+00
226.202 0.00000E+00
248.822 0.00000E+00
271.442 0.00000E+00
294.063 0.00000E+00
316.683 0.00000E+00
339.303 0.00000E+00
361.923 0.00000E+00
384.543 0.00000E+00
407.164 0.00000E+00
429.784 0.00000E+00
452.404 0.00000E+00
475.024 0.00000E+00
497.644 0.00000E+00
520.265 0.00000E+00
542.885 0.00000E+00
565.505 0.00000E+00
588.125 0.00000E+00
610.745 0.00000E+00
633.366 0.00000E+00
655.986 0.00000E+00
678.606 0.00000E+00
701.226 0.00000E+00
723.846 0.00000E+00
746.467 0.00000E+00
769.087 0.00000E+00
791.707 0.00000E+00
814.327 0.00000E+00
836.947 0.00000E+00
859.568 0.00000E+00
882.188 0.00000E+00
904.808 0.00000E+00
927.428 0.00000E+00
950.048 0.00000E+00
972.669 0.00000E+00
995.289 0.00000E+00
1017.909 0.00000E+00
1040.529 0.00000E+00
1063.149 0.00000E+00
1085.770 0.00000E+00
1108.390 0.00000E+00
1131.010 0.00000E+00
1153.630 0.00000E+00
1176.250 0.00000E+00
1198.871 0.00000E+00
1221.491 0.00000E+00
1221.491 0.00000E+00
1264.103 0.00000E+00
1306.716 0.00000E+00
1349.328 0.00000E+00
1391.941 0.00000E+00
1434.554 0.00000E+00
1477.166 0.00000E+00
1519.779 0.00000E+00
1562.391 0.00000E+00
1605.004 0.00000E+00
1647.617 0.00000E+00
1690.229 0.00000E+00
1732.842 0.00000E+00
1775.454 0.00000E+00
1818.067 0.00000E+00
1860.679 0.00000E+00
1903.292 0.00000E+00
1945.905 0.00000E+00
1988.517 0.00000E+00
2031.130 0.00000E+00
2073.742 0.00000E+00
2116.355 0.00000E+00
2158.968 0.00000E+00
2201.580 0.00000E+00
2244.193 0.00000E+00
2286.805 0.00000E+00
2329.418 0.00000E+00
2372.031 0.00000E+00
2414.643 0.00000E+00
2457.256 0.00000E+00
2499.868 0.00000E+00
2542.481 0.00000E+00
2585.094 0.00000E+00
2627.706 0.00000E+00
2670.319 0.00000E+00
2712.931 0.00000E+00
2755.544 0.00000E+00
2798.156 0.00000E+00
2840.769 0.00000E+00
2883.382 0.00000E+00
2925.994 0.00000E+00
2968.607 0.00000E+00
3011.219 0.00000E+00
3053.832 0.00000E+00
3096.444 0.00000E+00
3139.057 0.00000E+00
3181.670 0.00000E+00
3224.282 0.00000E+00
3266.895 0.00000E+00
3309.508 0.00000E+00
3352.120 0.00000E+00
3394.733 0.00000E+00
3437.345 0.00000E+00
3479.958 0.00000E+00
3479.958 0.78136E-01
3517.468 -0.14326E+00
3554.979 0.43412E+00
3592.490 0.12647E+01
3630.000 0.20727E+01
3630.000 0.20727E+01
3662.833 0.26698E+01
3695.667 0.31265E+01
3728.500 0.34419E+01
3761.333 0.36291E+01
3794.167 0.37080E+01
3827.000 0.36998E+01
3859.833 0.36248E+01
3892.667 0.35010E+01
3925.500 0.33436E+01
3958.333 0.31654E+01
3991.167 0.29762E+01
4024.000 0.27840E+01
4056.833 0.25944E+01
4089.667 0.24120E+01
4122.500 0.22396E+01
4155.333 0.20792E+01
4188.167 0.19320E+01
4221.000 0.17985E+01
4253.833 0.16787E+01
4286.667 0.15724E+01
4319.500 0.14788E+01
4352.333 0.13971E+01
4385.167 0.13262E+01
4418.000 0.12651E+01
4450.833 0.12124E+01
4483.667 0.11667E+01
4516.500 0.11268E+01
4549.333 0.10912E+01
4582.167 0.10585E+01
4615.000 0.10272E+01
4647.833 0.99598E+00
4680.667 0.96348E+00
4713.500 0.92845E+00
4746.333 0.88974E+00
4779.167 0.84633E+00
4812.000 0.79741E+00
4844.833 0.74238E+00
4877.667 0.68090E+00
4910.500 0.61293E+00
4943.333 0.53883E+00
4976.167 0.45934E+00
5009.000 0.37567E+00
5041.833 0.28952E+00
5074.667 0.20316E+00
5107.500 0.11943E+00
5140.333 0.41786E-01
5173.167 -0.25666E-01
5206.000 -0.78185E-01
5238.833 -0.11038E+00
5271.667 -0.11624E+00
5304.500 -0.89164E-01
5337.333 -0.22018E-01
5370.167 0.92785E-01
5403.000 0.26318E+00
5435.833 0.49735E+00
5468.667 0.80355E+00
5501.500 0.11899E+01
5534.333 0.16644E+01
5567.167 0.22344E+01
5600.000 0.29066E+01
5600.000 0.29065E+01
5625.250 0.35072E+01
5650.500 0.41728E+01
5675.750 0.49026E+01
5701.000 0.56942E+01
5701.000 0.54762E+01
5724.333 0.62099E+01
5747.667 0.69764E+01
5771.000 0.77694E+01
5771.000 0.77695E+01
5796.000 0.85873E+01
5821.000 0.93995E+01
5846.000 0.10191E+02
5871.000 0.10946E+02
5896.000 0.11646E+02
5921.000 0.12275E+02
5946.000 0.12814E+02
5971.000 0.13245E+02
5971.000 0.12878E+02
5993.500 0.13228E+02
6016.000 0.13478E+02
6038.500 0.13620E+02
6061.000 0.13649E+02
6083.500 0.13563E+02
6106.000 0.13360E+02
6128.500 0.13043E+02
6151.000 0.12615E+02
6151.000 0.12049E+02
6174.333 0.11445E+02
6197.667 0.10739E+02
6221.000 0.99464E+01
6244.333 0.90850E+01
6267.667 0.81742E+01
6291.000 0.72336E+01
6291.000 0.72897E+01
6309.543 0.65263E+01
6328.086 0.57676E+01
6346.629 0.50221E+01
6346.629 0.33331E+01
6351.314 0.31807E+01
6356.000 0.30298E+01
6356.000 0.21209E+01
6362.000 0.19660E+01
6368.000 0.18172E+01
6368.000 0.00000E+00
6369.500 0.00000E+00
6371.000 0.00000E+00
