0.000 0.00000E+00
22.620 0.00000E+00
45.240 0.00000E+00
67.861 0.00000E+00
90.481 0.00000E+00
113.101 0.00000E+00
135.721 0.00000E+00
158.341 0.00000E+00
180.962 0.00000E+00
203.582 0.00000E+00
226.202 0.00000E+00
248.822 0.00000E+00
271.442 0.00000E+00
294.063 0.00000E+00
316.683 0.00000E+00
339.303 0.00000E+00
361.923 0.35560E-04
384.543 0.88735E-04
407.164 0.20964E-03
429.784 0.45944E-03
452.404 0.93439E-03
475.024 0.17685E-02
497.644 0.31234E-02
520.265 0.51587E-02
542.885 0.79786E-02
565.505 0.11562E-01
588.125 0.15694E-01
610.745 0.19930E-01
633.366 0.23622E-01
655.986 0.26044E-01
678.606 0.26595E-01
701.226 0.25046E-01
723.846 0.21748E-01
746.467 0.17692E-01
769.087 0.14347E-01
791.707 0.13264E-01
814.327 0.15531E-01
836.947 0.21258E-01
859.568 0.29307E-01
882.188 0.37450E-01
904.808 0.42983E-01
927.428 0.43652E-01
950.048 0.38586E-01
972.669 0.28846E-01
995.289 0.17305E-01
1017.909 0.78124E-02
1040.529 0.38634E-02
1063.149 0.72798E-02
1085.770 0.17407E-01
1108.390 0.31224E-01
1131.010 0.44351E-01
1153.630 0.52602E-01
1176.250 0.53468E-01
1198.871 0.46917E-01
1221.491 0.35212E-01
1221.491 0.00000E+00
1264.103 0.00000E+00
1306.716 0.00000E+00
1349.328 0.00000E+00
1391.941 0.00000E+00
1434.554 0.00000E+00
1477.166 0.00000E+00
1519.779 0.00000E+00
1562.391 0.00000E+00
1605.004 0.00000E+00
1647.617 0.00000E+00
1690.229 0.00000E+00
1732.842 0.00000E+00
1775.454 0.00000E+00
1818.067 0.00000E+00
1860.679 0.00000E+00
1903.292 0.00000E+00
1945.905 -0.00000E+00
1988.517 -0.00000E+00
2031.130 -0.00000E+00
2073.742 -0.00000E+00
2116.355 -0.00000E+00
2158.968 -0.00000E+00
2201.580 -0.00000E+00
2244.193 -0.00000E+00
2286.805 -0.00000E+00
2329.418 -0.00000E+00
2372.031 -0.00000E+00
2414.643 0.00000E+00
2457.256 0.00000E+00
2499.868 0.00000E+00
2542.481 0.00000E+00
2585.094 0.00000E+00
2627.706 0.00000E+00
2670.319 0.00000E+00
2712.931 0.00000E+00
2755.544 -0.00000E+00
2798.156 -0.00000E+00
2840.769 -0.00000E+00
2883.382 -0.00000E+00
2925.994 -0.00000E+00
2968.607 -0.00000E+00
3011.219 -0.00000E+00
3053.832 0.00000E+00
3096.444 0.00000E+00
3139.057 0.00000E+00
3181.670 0.00000E+00
3224.282 0.00000E+00
3266.895 0.00000E+00
3309.508 -0.00000E+00
3352.120 -0.00000E+00
3394.733 -0.00000E+00
3437.345 -0.00000E+00
3479.958 -0.00000E+00
3479.958 -0.11095E-01
3517.468 -0.19039E+00
3554.979 -0.32177E+00
3592.490 -0.36180E+00
3630.000 -0.28072E+00
3630.000 -0.28072E+00
3662.833 -0.10110E+00
3695.667 0.17991E+00
3728.500 0.55456E+00
3761.333 0.10088E+01
3794.167 0.15191E+01
3827.000 0.20526E+01
3859.833 0.25653E+01
3892.667 0.30029E+01
3925.500 0.33067E+01
3958.333 0.34223E+01
3991.167 0.33120E+01
4024.000 0.29669E+01
4056.833 0.24162E+01
4089.667 0.17287E+01
4122.500 0.10065E+01
4155.333 0.36815E+00
4188.167 -0.73715E-01
4221.000 -0.23714E+00
4253.833 -0.90958E-01
4286.667 0.33509E+00
4319.500 0.95372E+00
4352.333 0.16375E+01
4385.167 0.22461E+01
4418.000 0.26584E+01
4450.833 0.27990E+01
4483.667 0.26544E+01
4516.500 0.22734E+01
4549.333 0.17516E+01
4582.167 0.12052E+01
4615.000 0.74024E+00
4647.833 0.42783E+00
4680.667 0.29079E+00
4713.500 0.30549E+00
4746.333 0.41723E+00
4779.167 0.56307E+00
4812.000 0.69388E+00
4844.833 0.78788E+00
4877.667 0.85125E+00
4910.500 0.90628E+00
4943.333 0.97266E+00
4976.167 0.10503E+01
5009.000 0.11116E+01
5041.833 0.11095E+01
5074.667 0.99709E+00
5107.500 0.75592E+00
5140.333 0.41781E+00
5173.167 0.71585E-01
5206.000 -0.15295E+00
5238.833 -0.12230E+00
5271.667 0.25208E+00
5304.500 0.97033E+00
5337.333 0.19230E+01
5370.167 0.29044E+01
5403.000 0.36619E+01
5435.833 0.39694E+01
5468.667 0.37029E+01
5501.500 0.28928E+01
5534.333 0.17310E+01
5567.167 0.52594E+00
5600.000 -0.38457E+00
5600.000 -0.38457E+00
5625.250 -0.70119E+00
5650.500 -0.62271E+00
5675.750 -0.14519E+00
5701.000 0.65544E+00
5701.000 0.10232E+01
5724.333 0.19792E+01
5747.667 0.28191E+01
5771.000 0.33779E+01
5771.000 0.33779E+01
5796.000 0.36471E+01
5821.000 0.34362E+01
5846.000 0.28099E+01
5871.000 0.19463E+01
5896.000 0.10903E+01
5921.000 0.48099E+00
5946.000 0.27451E+00
5971.000 0.48870E+00
5971.000 0.53312E+00
5993.500 0.99344E+00
6016.000 0.14716E+01
6038.500 0.17928E+01
6061.000 0.18564E+01
6083.500 0.16676E+01
6106.000 0.13310E+01
6128.500 0.10072E+01
6151.000 0.84882E+00
6151.000 0.89098E+00
6174.333 0.97434E+00
6197.667 0.13112E+01
6221.000 0.17307E+01
6244.333 0.19983E+01
6267.667 0.19290E+01
6291.000 0.14878E+01
6291.000 0.14258E+01
6309.543 0.92679E+00
6328.086 0.43717E+00
6346.629 0.11329E+00
6346.629 0.13116E+00
6351.314 0.71076E-01
6356.000 0.34432E-01
6356.000 0.74731E-01
6362.000 0.23930E-01
6368.000 0.33563E-01
6368.000 0.00000E+00
6369.500 0.00000E+00
6371.000 0.00000E+00
