0.000 0.00000E+00
22.620 0.00000E+00
45.240 0.00000E+00
67.861 0.00000E+00
90.481 0.00000E+00
113.101 0.00000E+00
135.721 0.00000E+00
158.341 0.00000E+00
180.962 0.00000E+00
203.582 0.00000E+00
226.202 0.00000E+00
248.822 0.00000E+00
271.442 0.00000E+00
294.063 0.00000E+00
316.683 0.00000E+00
339.303 0.00000E+00
361.923 0.00000E+00
384.543 0.00000E+00
407.164 0.00000E+00
429.784 0.00000E+00
452.404 0.00000E+00
475.024 0.00000E+00
497.644 0.00000E+00
520.265 0.00000E+00
542.885 0.00000E+00
565.505 0.00000E+00
588.125 0.00000E+00
610.745 0.00000E+00
633.366 0.00000E+00
655.986 0.00000E+00
678.606 0.00000E+00
701.226 0.00000E+00
723.846 0.00000E+00
746.467 0.00000E+00
769.087 0.00000E+00
791.707 0.00000E+00
814.327 0.00000E+00
836.947 0.00000E+00
859.568 0.00000E+00
882.188 0.00000E+00
904.808 0.00000E+00
927.428 0.00000E+00
950.048 0.00000E+00
972.669 0.00000E+00
995.289 0.00000E+00
1017.909 0.00000E+00
1040.529 0.00000E+00
1063.149 0.00000E+00
1085.770 0.00000E+00
1108.390 0.00000E+00
1131.010 0.00000E+00
1153.630 0.00000E+00
1176.250 0.32874E-04
1198.871 0.53203E-04
1221.491 0.95118E-04
1221.491 0.00000E+00
1264.103 0.00000E+00
1306.716 0.00000E+00
1349.328 0.00000E+00
1391.941 0.00000E+00
1434.554 0.00000E+00
1477.166 0.00000E+00
1519.779 0.00000E+00
1562.391 0.00000E+00
1605.004 0.00000E+00
1647.617 0.00000E+00
1690.229 0.00000E+00
1732.842 0.00000E+00
1775.454 0.00000E+00
1818.067 0.00000E+00
1860.679 0.00000E+00
1903.292 0.00000E+00
1945.905 0.00000E+00
1988.517 0.00000E+00
2031.130 0.00000E+00
2073.742 0.00000E+00
2116.355 0.00000E+00
2158.968 0.00000E+00
2201.580 0.00000E+00
2244.193 0.00000E+00
2286.805 0.00000E+00
2329.418 0.00000E+00
2372.031 0.00000E+00
2414.643 0.00000E+00
2457.256 0.00000E+00
2499.868 0.00000E+00
2542.481 0.00000E+00
2585.094 0.00000E+00
2627.706 0.00000E+00
2670.319 0.00000E+00
2712.931 0.00000E+00
2755.544 0.00000E+00
2798.156 -0.00000E+00
2840.769 -0.00000E+00
2883.382 -0.00000E+00
2925.994 -0.00000E+00
2968.607 -0.00000E+00
3011.219 -0.00000E+00
3053.832 -0.00000E+00
3096.444 -0.00000E+00
3139.057 -0.00000E+00
3181.670 -0.00000E+00
3224.282 -0.00000E+00
3266.895 -0.00000E+00
3309.508 -0.00000E+00
3352.120 -0.00000E+00
3394.733 -0.00000E+00
3437.345 -0.00000E+00
3479.958 -0.00000E+00
3479.958 0.14841E+01
3517.468 0.12230E+01
3554.979 0.93829E+00
3592.490 0.65504E+00
3630.000 0.39915E+00
3630.000 0.39915E+00
3662.833 0.21794E+00
3695.667 0.92104E-01
3728.500 0.34121E-01
3761.333 0.53357E-01
3794.167 0.15550E+00
3827.000 0.34219E+00
3859.833 0.61090E+00
3892.667 0.95497E+00
3925.500 0.13639E+01
3958.333 0.18240E+01
3991.167 0.23187E+01
4024.000 0.28300E+01
4056.833 0.33386E+01
4089.667 0.38259E+01
4122.500 0.42740E+01
4155.333 0.46672E+01
4188.167 0.49930E+01
4221.000 0.52420E+01
4253.833 0.54090E+01
4286.667 0.54932E+01
4319.500 0.54976E+01
4352.333 0.54294E+01
4385.167 0.52989E+01
4418.000 0.51192E+01
4450.833 0.49053E+01
4483.667 0.46728E+01
4516.500 0.44371E+01
4549.333 0.42125E+01
4582.167 0.40113E+01
4615.000 0.38429E+01
4647.833 0.37134E+01
4680.667 0.36254E+01
4713.500 0.35779E+01
4746.333 0.35662E+01
4779.167 0.35831E+01
4812.000 0.36190E+01
4844.833 0.36628E+01
4877.667 0.37031E+01
4910.500 0.37291E+01
4943.333 0.37314E+01
4976.167 0.37026E+01
5009.000 0.36383E+01
5041.833 0.35374E+01
5074.667 0.34018E+01
5107.500 0.32367E+01
5140.333 0.30499E+01
5173.167 0.28512E+01
5206.000 0.26514E+01
5238.833 0.24617E+01
5271.667 0.22923E+01
5304.500 0.21518E+01
5337.333 0.20466E+01
5370.167 0.19797E+01
5403.000 0.19513E+01
5435.833 0.19582E+01
5468.667 0.19948E+01
5501.500 0.20530E+01
5534.333 0.21239E+01
5567.167 0.21983E+01
5600.000 0.22679E+01
5600.000 0.22679E+01
5625.250 0.23467E+01
5650.500 0.24083E+01
5675.750 0.24480E+01
5701.000 0.24636E+01
5701.000 0.27630E+01
5724.333 0.26814E+01
5747.667 0.25907E+01
5771.000 0.25003E+01
5771.000 0.25003E+01
5796.000 0.24142E+01
5821.000 0.23376E+01
5846.000 0.22874E+01
5871.000 0.22804E+01
5896.000 0.23319E+01
5921.000 0.24529E+01
5946.000 0.26485E+01
5971.000 0.29160E+01
5971.000 0.30158E+01
5993.500 0.33080E+01
6016.000 0.36001E+01
6038.500 0.38670E+01
6061.000 0.40831E+01
6083.500 0.42245E+01
6106.000 0.42713E+01
6128.500 0.42098E+01
6151.000 0.40338E+01
6151.000 0.46171E+01
6174.333 0.42366E+01
6197.667 0.37263E+01
6221.000 0.31204E+01
6244.333 0.24663E+01
6267.667 0.18210E+01
6291.000 0.12470E+01
6291.000 0.11864E+01
6309.543 0.84508E+00
6328.086 0.61249E+00
6346.629 0.51162E+00
6346.629 0.31582E+00
6351.314 0.30190E+00
6356.000 0.29979E+00
6356.000 0.22960E+00
6362.000 0.22058E+00
6368.000 0.24056E+00
6368.000 0.00000E+00
6369.500 0.00000E+00
6371.000 0.00000E+00
